186,186,185,185,184,184,184,184,184,184,184,184,184,184,184,184,184,184,184,184,184,184,184,184,184,184,184,184,184,184,184,184,184,184,184,184,184,184,184,184,184,184,184,184,184,184,184,184,184,184,184,184,184,184,184,183,183,183,183,183,183,183,183,184,184,184,184,184,184,184,184,184,184,184,184,184,184,184,184,186,186,186,186,186,186,186,186,186,186,186,186,186,186,186,186,187,187,187,187,187
188,187,184,184,187,188,185,183,183,183,183,183,183,183,183,183,183,183,183,183,183,183,183,184,184,184,184,184,184,184,184,184,184,184,184,184,184,184,184,184,184,184,184,184,184,184,184,183,183,183,183,183,183,183,183,183,183,183,183,183,183,183,183,182,182,182,182,182,182,182,182,184,184,184,184,184,184,184,184,184,184,184,184,184,184,184,184,186,186,186,186,186,186,186,186,185,185,185,185,185
173,171,170,170,171,173,174,172,172,172,172,172,172,172,172,172,172,172,172,172,172,172,172,168,169,170,171,171,170,169,168,172,172,172,172,172,172,172,172,170,170,170,170,170,170,170,170,168,172,172,169,170,173,173,171,173,173,173,173,173,173,173,173,174,174,174,174,174,174,174,174,174,174,174,174,174,174,174,174,175,175,175,175,175,175,175,175,174,174,174,174,174,174,174,174,174,174,174,174,174
183,183,182,182,181,181,181,180,180,180,180,180,180,180,180,181,181,181,181,181,181,181,181,181,181,181,181,181,181,181,181,181,181,181,181,181,181,181,181,181,181,181,181,181,181,181,181,182,182,182,182,182,182,182,182,182,182,182,182,182,182,182,182,180,180,180,180,180,180,180,180,181,181,181,181,181,181,181,181,182,182,182,182,182,182,182,182,182,182,182,182,182,182,182,182,182,182,182,182,182
94,94,94,94,94,94,94,94,94,94,94,94,94,94,94,95,95,95,95,95,95,95,95,95,95,95,95,95,95,95,95,95,95,95,95,95,95,95,95,95,95,95,95,95,95,95,95,97,97,97,97,97,97,97,97,96,96,97,97,97,98,98,98,96,96,96,96,96,96,96,96,96,96,96,96,96,96,96,96,96,96,96,96,96,96,96,96,97,97,97,97,97,97,97,97,96,96,96,96,96
182,182,179,178,181,181,177,179,179,179,179,179,179,179,179,178,178,178,178,178,178,178,178,179,179,179,179,179,179,179,179,179,179,179,179,179,179,179,179,177,177,177,177,177,177,177,177,178,178,178,178,178,178,178,178,179,179,179,179,179,179,179,179,179,179,179,179,179,179,179,179,179,179,179,179,179,179,179,179,179,179,179,179,179,179,179,179,179,179,179,179,179,179,179,179,179,179,179,179,179
96,94,93,93,94,96,97,95,95,95,95,95,95,95,95,95,95,95,95,95,95,95,95,95,95,95,95,95,95,95,95,95,95,95,95,95,95,95,95,94,94,94,94,94,94,94,94,93,93,93,93,93,93,93,93,95,96,96,97,97,96,96,95,97,97,97,97,97,97,97,97,96,96,96,96,96,96,96,96,97,97,97,97,97,97,97,97,97,97,97,97,97,97,97,97,97,97,97,97,97
102,102,102,102,102,102,102,102,102,102,102,102,102,102,102,101,101,101,101,101,101,101,101,101,101,101,101,101,101,101,101, 99,101,103,102,100, 99,101,103,100,100,100,100,100,100,100,100,100,100,100,101,101,102,102,102,101,101,101,102,102,103,103,103,103,103,103,103,103,103,103,103,100,104,104,101,102,105,105,103,105,105,105,104,104,103,103,103,104,104,104,104,104,104,104,104,101,102,104,105,105
176,175,175,175,174,174,174,175,175,175,175,175,175,175,175,175,175,175,175,175,175,175,175,175,175,175,175,175,175,175,175,174,174,174,174,174,174,174,174,174,174,174,174,174,174,174,174,174,174,174,174,174,174,174,174,174,174,174,174,174,174,174,174,174,174,174,174,174,174,174,174,174,174,174,174,174,174,174,174,175,175,175,175,175,175,175,175,176,176,176,176,176,176,176,176,175,175,175,175,175
114,114,114,114,114,114,114,113,113,113,113,113,113,113,113,113,113,113,113,113,113,113,113,112,112,112,112,112,112,112,112,111,111,111,111,111,111,111,111,111,112,113,114,114,113,112,111,110,110,110,110,110,110,110,110,110,110,110,110,110,110,110,110,110,113,115,114,111,110,112,114,111,111,111,111,111,111,111,111,112,112,112,112,112,112,112,112,111,111,111,111,111,111,111,111,112,112,112,112,112
178,178,174,174,177,176,173,175,175,175,175,175,175,175,175,176,176,176,176,176,176,176,176,175,175,175,175,175,175,175,175,175,175,175,175,175,175,175,175,175,175,175,175,175,175,175,175,176,176,176,176,176,176,176,176,176,176,176,176,176,176,176,176,176,176,176,176,176,176,176,176,176,176,176,176,176,176,176,176,176,176,176,176,176,176,176,176,176,176,176,176,176,176,176,176,176,176,176,176,176
 92, 92, 92, 92, 92, 92, 92, 93, 93, 93, 93, 93, 93, 93, 93, 92, 92, 92, 92, 92, 92, 92, 92, 95, 95, 95, 95, 95, 95, 95, 95, 92, 92, 92, 92, 92, 92, 92, 92, 90, 92, 93, 94, 95, 94, 93, 93, 92, 93, 94, 95, 95, 95, 94, 94, 95, 95, 96, 96, 97, 98, 99, 99, 97, 97, 98, 98, 99,100,101,101, 99, 99, 99, 99, 99, 99, 99, 99,101,101,101,101,101,101,101,101,104,104,104,104,104,104,104,104,105,104,104,103,103
177,177,174,173,176,176,172,172,172,172,172,172,172,172,172,173,173,173,173,173,173,173,173,172,172,172,172,172,172,172,172,172,172,172,172,172,172,172,172,172,172,172,172,172,172,172,172,175,175,175,175,175,175,175,175,173,173,173,173,173,173,173,173,173,173,173,173,173,173,173,173,173,173,173,173,173,173,173,173,174,174,174,174,174,174,174,174,174,174,174,174,174,174,174,174,172,172,172,172,172
89,89,89,89,89,89,89,90,90,90,90,90,90,90,90,90,90,90,90,90,90,90,90,90,89,89,88,88,89,89,90,90,90,90,90,90,90,90,90,89,89,89,89,89,89,89,89,89,89,89,89,89,89,89,89,88,89,90,91,91,91,91,90,90,90,90,90,90,90,90,90,90,90,90,90,90,90,90,90,91,91,91,91,91,91,91,91,91,91,91,91,91,91,91,91,91,91,91,91,91
176,176,172,172,175,174,171,174,174,174,174,174,174,174,174,174,174,174,174,174,174,174,174,174,174,174,174,174,174,174,174,174,174,174,174,174,174,174,174,174,174,174,174,174,174,174,174,174,174,174,174,174,174,174,174,174,174,174,174,174,174,174,174,175,175,175,175,175,175,175,175,174,174,174,174,174,174,174,174,173,173,173,173,173,173,173,173,174,174,174,174,174,174,174,174,172,172,172,172,172
90,90,90,90,90,90,90,90,90,90,90,90,90,90,90,90,90,90,90,90,90,90,90,90,90,90,90,90,90,90,90,90,90,90,90,90,90,90,90,88,88,88,88,88,88,88,88,88,88,88,88,88,88,88,88,89,89,89,90,90,91,91,91,90,90,90,90,90,90,90,90,89,89,89,89,89,89,89,89,90,90,90,90,90,90,90,90,90,90,90,90,90,90,90,90,90,90,90,90,90
178,178,174,174,177,176,173,175,175,175,175,175,175,175,175,176,176,176,176,176,176,176,176,175,175,175,175,175,175,175,175,174,174,174,174,174,174,174,174,176,176,176,176,176,176,176,176,174,174,174,174,174,174,174,174,176,176,176,176,176,176,176,176,175,175,175,175,175,175,175,175,175,175,175,175,175,175,175,175,176,176,176,176,176,176,176,176,176,176,176,176,176,176,176,176,174,174,174,174,174
172,171,171,171,170,170,170,171,171,171,171,171,171,171,171,170,170,170,170,170,170,170,170,170,170,170,170,170,170,170,170,170,170,170,170,170,170,170,170,170,170,170,170,170,170,170,170,171,171,171,171,171,171,171,171,170,170,170,170,170,170,170,170,170,170,170,170,170,170,170,170,171,171,171,171,171,171,171,171,172,172,172,172,172,172,172,172,171,171,171,171,171,171,171,171,171,171,171,171,171
96,96,96,96,96,96,96,96,96,96,96,96,96,96,96,96,96,96,96,96,96,96,96,96,96,96,96,96,96,96,96,95,95,95,95,95,95,95,95,95,95,95,95,95,95,95,95,95,96,98,97,95,95,96,97,96,96,96,96,96,96,96,96,96,96,96,96,96,96,96,96,96,96,96,96,96,96,96,96,96,96,96,96,96,96,96,96,96,96,96,96,96,96,96,96,96,96,96,96,96
159,159,158,158,157,157,157,158,158,158,158,158,158,158,158,156,156,156,156,156,156,156,156,157,157,157,157,157,157,157,157,156,156,156,156,156,156,156,156,157,157,157,157,157,157,157,157,157,157,157,157,157,157,157,157,156,156,156,156,156,156,156,156,156,156,156,156,156,156,156,156,156,156,156,156,156,156,156,156,157,157,157,157,157,157,157,157,157,157,157,157,157,157,157,157,156,156,156,156,156
 98, 96, 95, 95, 96, 98, 99, 97, 97, 97, 97, 97, 97, 97, 97, 94, 95, 95, 96, 96, 97, 97, 97, 96, 96, 96, 96, 96, 96, 96, 96, 96, 96, 96, 96, 96, 96, 96, 96, 96, 96, 96, 96, 96, 96, 96, 96, 96, 96, 96, 96, 96, 96, 96, 96, 97, 97, 97, 97, 97, 97, 97, 97, 97, 97, 97, 97, 97, 97, 97, 97, 97,100,100, 97, 97,100,100, 97, 97, 97, 97, 97, 97, 97, 97, 97, 97, 97, 97, 97, 97, 97, 97, 97,101,101,100, 99, 99
163,163,159,157,159,160,159,159,159,159,159,159,159,159,159,159,159,159,159,159,159,159,159,160,160,160,160,160,160,160,160,159,159,159,159,159,159,159,159,160,160,160,160,160,160,160,160,160,160,160,160,160,160,160,160,159,159,159,159,159,159,159,159,158,158,158,158,158,158,158,158,160,160,160,160,160,160,160,160,159,159,159,159,159,159,159,159,159,159,159,159,159,159,159,159,159,159,159,159,159
102,102,102,102,102,102,102,102,102,102,102,102,102,102,102,102,102,102,102,102,102,102,102,102,102,102,102,102,102,102,102,102,102,102,102,102,102,102,102,102,102,102,102,102,102,102,102,101,101,101,101,101,101,101,101,101,101,101,101,101,101,101,101,102,102,102,102,102,102,102,102,101,101,101,101,101,101,101,101,102,102,102,102,102,102,102,102,102,102,102,102,102,102,102,102,102,102,102,102,102
159,159,158,158,157,157,157,157,157,157,157,157,157,157,157,157,157,157,157,157,157,157,157,157,157,157,157,157,157,157,157,156,156,156,156,156,156,156,156,157,157,157,157,157,157,157,157,157,157,157,157,157,157,157,157,157,157,157,157,157,157,157,157,155,155,155,155,155,155,155,155,157,157,157,157,157,157,157,157,157,157,157,157,157,157,157,157,156,156,156,156,156,156,156,156,157,157,157,157,157
110,110,110,110,110,110,110,111,111,111,111,111,111,111,111,110,110,110,110,110,110,110,110,110,111,112,113,113,112,111,110,109,109,109,109,109,109,109,109,107,107,107,108,108,109,109,109,110,110,110,110,110,110,110,110,109,109,109,109,109,109,109,109,109,109,109,109,109,109,109,109,108,108,108,108,108,108,108,108,108,108,108,108,108,108,108,108,109,109,109,109,109,109,109,109,107,108,110,111,111
161,161,160,160,159,159,159,159,159,159,159,159,159,159,159,157,157,157,157,157,157,157,157,158,158,158,158,158,158,158,158,158,158,158,158,158,158,158,158,158,158,158,158,158,158,158,158,158,158,158,158,158,158,158,158,158,158,158,158,158,158,158,158,158,158,158,158,158,158,158,158,158,158,158,158,158,158,158,158,158,158,158,158,158,158,158,158,160,160,160,160,160,160,160,160,158,158,158,158,158
116,114,113,113,114,116,117,115,115,115,115,115,115,115,115,114,114,114,114,114,114,114,114,114,114,114,114,114,114,114,114,113,116,116,113,113,116,116,113,113,113,113,113,113,113,113,113,113,113,113,113,113,113,113,113,113,113,113,113,113,113,113,113,114,114,114,114,114,114,114,114,112,112,112,112,112,112,112,112,113,113,113,113,113,113,113,113,113,113,113,113,113,113,113,113,114,114,114,114,114
163,163,160,159,162,162,158,160,160,160,160,160,160,160,160,161,161,161,161,161,161,161,161,161,161,161,161,161,161,161,161,159,159,159,159,159,159,159,159,161,161,161,161,161,161,161,161,159,159,159,159,159,159,159,159,161,161,161,161,161,161,161,161,160,160,160,160,160,160,160,160,160,160,160,160,160,160,160,160,161,161,161,161,161,161,161,161,160,160,160,160,160,160,160,160,160,160,160,160,160
123,123,124,124,123,123,122,123,123,123,123,123,123,123,123,123,123,123,123,123,123,123,123,122,122,122,122,122,122,122,122,121,121,121,121,121,121,121,121,119,119,119,119,119,119,119,119,120,120,120,120,120,120,120,120,121,121,121,121,121,121,121,121,120,120,120,120,120,120,120,120,118,120,122,124,124,122,120,118,119,119,119,120,120,121,121,121,120,120,120,120,120,120,120,120,120,120,120,120,120
130,130,129,129,130,130,131,130,130,130,130,130,130,130,130,130,130,130,130,130,130,130,130,130,130,130,130,130,130,130,130,128,128,128,128,128,128,128,128,127,127,127,127,127,127,127,127,127,130,131,128,128,131,130,127,127,127,127,127,127,127,127,127,126,128,130,129,127,126,128,130,128,128,128,128,128,128,128,128,128,128,128,128,128,128,128,128,127,127,127,127,127,127,127,127,127,127,127,127,127
254,254,254,254,254,254,254,254,254,254,254,254,254,254,254,254,254,254,254,254,254,254,254,254,254,254,254,254,254,254,254,254,254,254,254,254,254,254,254,254,254,254,254,254,254,254,254,254,254,254,254,254,254,254,254,254,254,254,254,254,254,254,254,254,254,254,254,254,254,254,254,254,254,254,254,254,254,254,254,254,254,254,254,254,254,254,254,254,254,254,254,254,254,254,254,254,254,254,254,254
255,255,255,255,255,255,255,255,255,255,255,255,255,255,255,254,254,254,254,254,254,254,254,254,254,254,254,254,254,254,254,254,254,254,254,254,254,254,254,254,254,254,254,254,254,254,254,254,254,254,254,254,254,254,254,254,254,254,254,254,254,254,254,254,254,254,254,254,254,254,254,254,254,254,254,254,254,254,254,254,254,254,254,254,254,254,254,254,254,254,254,254,254,254,254,254,254,254,254,254
254,254,254,254,254,254,254,254,254,254,254,254,254,254,254,254,254,254,254,254,254,254,254,254,254,254,254,254,254,254,254,254,254,254,254,254,254,254,254,254,254,254,254,254,254,254,254,254,254,254,254,254,254,254,254,254,254,254,254,254,254,254,254,254,254,254,254,254,254,254,254,253,253,253,253,253,253,253,253,254,254,254,254,254,254,254,254,254,254,254,254,254,254,254,254,253,253,253,253,253
180,182,181,180,186,180,184,184,184,184,185,185,186,186,186,185,187,188,188,188,188,189,191,190,190,191,192,192,193,194,194,193,193,194,195,195,196,197,197,196,197,198,199,200,201,200,200,200,200,201,202,202,203,204,204,204,204,204,205,205,206,206,206,211,211,211,210,210,210,210,210,210,210,211,211,211,212,212,212,212,212,212,213,213,214,214,214,214,214,214,214,214,214,214,214,220,219,217,216,215
107, 20,  0, 10,  0, 16,115,140,101, 28,  1,  9,  0, 23,128,146,104, 18,  6,  5,  0, 20,132,134,136,141,  0,  0,143,138,137, 82,  5,  6, 94, 77, 91,  4,  1, 60, 87,  8, 16, 14,  3, 90, 74, 71, 16,  0, 86, 49,  4,  2, 99, 68, 83,  5,  0, 18, 32, 88, 62, 73,  0,  7, 64, 49,  7, 19, 51, 45, 83, 12,  2,  9,  2, 62, 63, 71,240,255,226, 10, 22, 31,110, 58, 68, 90,  6,  2, 98, 55, 88, 96, 69, 12,  0, 11
254,254,254,254,254,254,254,254,254,254,254,254,254,254,254,254,254,254,254,254,254,254,254,254,254,254,254,254,254,254,254,254,254,254,254,254,254,254,254,254,254,254,254,254,254,254,254,254,254,254,254,254,254,254,254,254,254,254,254,254,254,254,254,254,254,254,254,254,254,254,254,254,254,254,254,254,254,254,254,254,254,254,254,254,254,254,254,254,254,254,254,254,254,254,254,254,254,254,254,254
254,254,254,254,254,254,254,254,254,254,254,254,254,254,254,254,254,254,254,254,254,254,254,254,254,254,254,254,254,254,254,254,254,254,254,254,254,254,254,254,254,254,254,254,254,254,254,254,254,254,254,254,254,254,254,254,254,254,254,254,254,254,254,254,254,254,254,254,254,254,254,254,254,254,254,254,254,254,254,254,254,254,254,254,254,254,254,254,254,254,254,254,254,254,254,254,254,254,254,254
164,167,167,166,172,166,169,170,170,170,171,171,172,172,172,171,173,174,174,174,174,175,177,176,176,177,178,178,179,180,180,181,181,182,183,183,184,185,185,183,184,185,186,187,188,187,187,190,189,189,189,189,189,189,188,189,190,191,192,193,194,194,194,197,197,196,196,196,196,196,195,195,196,197,198,199,200,199,199,200,199,198,199,201,201,199,197,198,201,203,201,202,205,205,202,202,203,204,205,205
 93, 18,  0, 16,  0, 13,103,137, 86,  8,  0, 14,  0, 22,121,157,102, 17,  0, 10,  0, 20,120,141,129,134,  6,  9,139,130,136, 83,  8,  0, 95, 67, 97,  1,  1, 50, 85, 12, 33, 15,  0, 84, 64, 96,  0,  9, 89, 55,  0, 20, 77, 58, 79,  5,  0, 13, 27, 87, 66, 60,  4, 19, 66, 41,  0, 13, 41, 58, 62, 23,  0,  6, 20, 34, 67, 84,224,255,242,  0, 19, 40, 85, 50, 70, 94,  3,  0,100, 56, 81, 95, 44, 19,  0, 10
255,255,255,255,255,255,255,255,255,255,255,255,255,255,255,255,255,255,255,255,255,255,255,255,255,255,255,255,255,255,255,255,255,255,255,255,255,255,255,255,255,255,255,255,255,255,255,255,255,255,255,255,255,255,255,255,255,255,255,255,255,255,255,255,255,255,255,255,255,255,255,255,255,255,255,255,255,255,255,255,255,255,255,255,255,255,255,255,255,255,255,255,255,255,255,255,255,255,255,255
254,254,254,254,254,254,254,254,254,254,254,254,254,254,254,254,254,254,254,254,254,254,254,254,254,254,254,254,254,254,254,254,254,254,254,254,254,254,254,254,254,254,254,254,254,254,254,254,254,254,254,254,254,254,254,254,254,254,254,254,254,254,254,254,254,254,254,254,254,254,254,254,254,254,254,254,254,254,254,254,254,254,254,254,254,254,254,254,254,254,254,254,254,254,254,254,254,254,254,254
255,255,255,255,255,255,255,255,255,255,255,255,255,255,255,255,255,255,255,255,255,255,255,255,255,255,255,255,255,255,255,255,255,255,255,255,255,255,255,255,255,255,255,255,255,255,255,255,255,255,255,255,255,255,255,255,255,255,255,255,255,255,255,255,255,255,255,255,255,255,255,255,255,255,255,255,255,255,255,255,255,255,255,255,255,255,255,255,255,255,255,255,255,255,255,255,255,255,255,255
235,235,235,235,235,235,235,234,234,234,234,234,234,234,234,232,232,232,232,232,232,232,232,236,236,236,236,236,236,236,236,233,233,233,234,234,234,235,235,234,235,236,236,237,238,239,239,239,238,238,237,237,238,238,239,241,241,241,241,241,240,238,238,241,240,240,239,239,240,240,241,243,244,246,246,245,243,240,238,238,240,242,244,244,242,240,238,239,241,243,245,245,243,241,239,241,240,239,239,239
255,255,255,255,255,255,255,255,255,255,255,255,255,255,255,255,255,255,255,255,255,255,255,255,255,255,255,255,255,255,255,255,255,255,255,255,255,255,255,255,255,255,255,255,255,255,255,255,255,255,255,255,255,255,255,255,255,255,255,255,255,255,255,255,255,255,255,255,255,255,255,255,255,255,255,255,255,255,255,255,255,255,255,255,255,255,255,255,255,255,255,255,255,255,255,255,255,255,255,255
255,255,255,255,255,255,255,255,255,255,255,255,255,255,255,255,255,255,255,255,255,255,255,255,255,255,255,255,255,255,255,255,255,255,255,255,255,255,255,255,255,255,255,255,255,255,255,255,255,255,255,255,255,255,255,255,255,255,255,255,255,255,255,255,255,255,255,255,255,255,255,255,255,255,255,255,255,255,255,255,255,255,255,255,255,255,255,255,255,255,255,255,255,255,255,255,255,255,255,255
255,255,255,255,255,255,255,255,255,255,255,255,255,255,255,255,255,255,255,255,255,255,255,255,255,255,255,255,255,255,255,255,255,255,255,255,255,255,255,255,255,255,255,255,255,255,255,255,255,255,255,255,255,255,255,255,255,255,255,255,255,255,255,255,255,255,255,255,255,255,255,255,255,255,255,255,255,255,255,255,255,255,255,255,255,255,255,255,255,255,255,255,255,255,255,255,255,255,255,255
169,172,172,171,177,171,174,172,172,173,174,174,175,176,176,176,176,177,178,178,179,180,180,181,182,184,184,182,182,184,185,182,183,184,185,186,186,186,186,186,187,188,189,190,191,190,190,190,191,192,193,193,193,193,192,196,196,197,198,199,199,200,200,198,198,198,199,199,200,200,200,201,201,202,203,203,204,205,205,203,204,205,206,206,206,206,205,203,204,206,208,208,207,206,205,207,208,208,209,209
255,255,255,255,255,255,255,255,255,255,255,255,255,255,255,255,255,255,255,255,255,255,255,255,255,255,255,255,255,255,255,255,255,255,255,255,255,255,255,255,255,255,255,255,255,255,255,255,255,255,255,255,255,255,255,255,255,255,255,255,255,255,255,255,255,255,255,255,255,255,255,255,255,255,255,255,255,255,255,255,255,255,255,255,255,255,255,255,255,255,255,255,255,255,255,255,255,255,255,255
 97, 20,  0, 15,  0, 14,106,125, 98, 31,  0, 10,  0, 27,122,141, 98, 25,  1, 10,  0, 20,129,146,134,137,  5,  2,130,124,134, 64, 13,  0, 89, 94,102, 11,  0, 59, 84, 22, 16,  7,  2, 81, 79, 76, 13,  0, 88, 55,  5,  2,103, 66, 80, 12,  2, 10, 37,107, 73, 65,  0,  5, 82, 62,  0,  3, 50, 65, 61, 24,  0,  1, 15, 39, 78, 66,241,255,231, 11, 17, 20, 97, 47, 68, 93,  2,  0, 96, 54, 84, 99, 47, 17,  0, 10
218,214,210,222,212,223,219,217,220,224,226,226,226,226,227,223,225,228,230,232,234,236,238,236,237,239,241,243,244,245,245,248,248,249,250,251,251,252,252,248,249,250,250,251,252,253,253,253,253,253,253,253,253,253,253,253,253,253,253,253,253,253,253,253,253,253,253,253,253,253,253,253,253,253,253,253,253,253,253,253,253,253,253,253,253,253,253,253,253,253,253,253,253,253,253,253,253,253,253,253
255,255,255,255,255,255,255,255,255,255,255,255,255,255,255,255,255,255,255,255,255,255,255,255,255,255,255,255,255,255,255,255,255,255,255,255,255,255,255,255,255,255,255,255,255,255,255,255,255,255,255,255,255,255,255,255,255,255,255,255,255,255,255,255,255,255,255,255,255,255,255,255,255,255,255,255,255,255,255,255,255,255,255,255,255,255,255,255,255,255,255,255,255,255,255,255,255,255,255,255
233,235,237,237,235,233,231,231,233,235,237,237,235,233,231,231,231,231,231,231,231,231,231,234,234,234,234,234,234,234,234,231,231,231,231,231,231,231,231,233,233,233,233,233,233,233,233,234,234,234,235,235,236,236,236,234,234,234,235,235,236,236,236,235,235,235,235,235,235,235,235,236,235,235,234,234,235,235,236,234,234,234,234,234,234,234,234,236,235,235,234,234,235,235,236,234,233,232,231,231
255,255,255,255,255,255,255,255,255,255,255,255,255,255,255,255,255,255,255,255,255,255,255,255,255,255,255,255,255,255,255,255,255,255,255,255,255,255,255,255,255,255,255,255,255,255,255,255,255,255,255,255,255,255,255,255,255,255,255,255,255,255,255,255,255,255,255,255,255,255,255,255,255,255,255,255,255,255,255,255,255,255,255,255,255,255,255,255,255,255,255,255,255,255,255,255,255,255,255,255
255,255,255,255,255,255,255,255,255,255,255,255,255,255,255,255,255,255,255,255,255,255,255,255,255,255,255,255,255,255,255,255,255,255,255,255,255,255,255,255,255,255,255,255,255,255,255,255,255,255,255,255,255,255,255,255,255,255,255,255,255,255,255,255,255,255,255,255,255,255,255,255,255,255,255,255,255,255,255,255,255,255,255,255,255,255,255,255,255,255,255,255,255,255,255,255,255,255,255,255
255,255,255,255,255,255,255,255,255,255,255,255,255,255,255,255,255,255,255,255,255,255,255,255,255,255,255,255,255,255,255,255,255,255,255,255,255,255,255,255,255,255,255,255,255,255,255,255,255,255,255,255,255,255,255,255,255,255,255,255,255,255,255,255,255,255,255,255,255,255,255,255,255,255,255,255,255,255,255,255,255,255,255,255,255,255,255,255,255,255,255,255,255,255,255,255,255,255,255,255
110, 36,  0,  5,  0, 24,120,142,110, 36,  0,  5,  0, 24,120,142,110, 36,  0,  5,  0, 24,120,128,156,112,  7,  0,156,101,151,131,  0, 14,107,148,150,  0, 12,143,139,  0,  4, 11, 10,139,129,127,  4,  4,128,128,  6,  6,130,142,118,  0, 16,  0,136,126,137,133,  6,  6,133,133,  6,  6,133,136,118, 19,  1,  1, 19,118,136,140,255,255,252,  5, 10,138,127,128,156,112,  7,  0,156,101,151,138,130, 34,  6,  0
255,255,255,255,255,255,255,255,255,255,255,255,255,255,255,255,255,255,255,255,255,255,255,255,255,255,255,255,255,255,255,255,255,255,255,255,255,255,255,255,255,255,255,255,255,255,255,255,255,255,255,255,255,255,255,255,255,255,255,255,255,255,255,255,255,255,255,255,255,255,255,255,255,255,255,255,255,255,255,255,255,255,255,255,255,255,255,255,255,255,255,255,255,255,255,255,255,255,255,255
182,184,188,183,189,186,185,187,188,190,193,195,196,197,197,195,197,197,197,200,204,203,198,200,203,207,210,213,214,214,213,211,216,218,215,216,222,222,217,220,220,221,222,224,227,229,230,228,230,232,232,231,231,232,233,228,231,235,238,240,240,239,238,239,239,238,238,239,240,242,244,243,243,243,244,244,245,245,245,246,246,246,247,247,248,248,248,246,247,248,248,249,249,248,248,248,249,250,251,251
255,255,255,255,255,255,255,255,255,255,255,255,255,255,255,255,255,255,255,255,255,255,255,255,255,255,255,255,255,255,255,255,255,255,255,255,255,255,255,255,255,255,255,255,255,255,255,255,255,255,255,255,255,255,255,255,255,255,255,255,255,255,255,255,255,255,255,255,255,255,255,255,255,255,255,255,255,255,255,255,255,255,255,255,255,255,255,255,255,255,255,255,255,255,255,255,255,255,255,255
228,226,229,230,228,227,229,232,232,233,233,233,234,234,234,229,229,229,229,229,229,229,229,231,231,231,231,231,231,231,231,230,229,227,225,225,227,229,230,232,233,233,233,233,232,231,230,231,232,233,234,234,234,234,233,232,232,232,233,233,234,234,234,233,233,234,234,234,235,235,235,234,234,235,235,235,236,236,236,232,232,232,232,232,232,232,232,233,233,233,233,233,233,233,233,235,234,233,231,231
255,255,255,255,255,255,255,255,255,255,255,255,255,255,255,255,255,255,255,255,255,255,255,255,255,255,255,255,255,255,255,255,255,255,255,255,255,255,255,255,255,255,255,255,255,255,255,255,255,255,255,255,255,255,255,255,255,255,255,255,255,255,255,255,255,255,255,255,255,255,255,255,255,255,255,255,255,255,255,255,255,255,255,255,255,255,255,255,255,255,255,255,255,255,255,255,255,255,255,255
255,255,255,255,255,255,255,255,255,255,255,255,255,255,255,255,255,255,255,255,255,255,255,255,255,255,255,255,255,255,255,255,255,255,255,255,255,255,255,255,255,255,255,255,255,255,255,255,255,255,255,255,255,255,255,255,255,255,255,255,255,255,255,255,255,255,255,255,255,255,255,255,255,255,255,255,255,255,255,255,255,255,255,255,255,255,255,255,255,255,255,255,255,255,255,255,255,255,255,255
255,255,255,255,255,255,255,255,255,255,255,255,255,255,255,255,255,255,255,255,255,255,255,255,255,255,255,255,255,255,255,255,255,255,255,255,255,255,255,255,255,255,255,255,255,255,255,255,255,255,255,255,255,255,255,255,255,255,255,255,255,255,255,255,255,255,255,255,255,255,255,255,255,255,255,255,255,255,255,255,255,255,255,255,255,255,255,255,255,255,255,255,255,255,255,255,255,255,255,255
160,163,163,162,168,162,165,165,165,165,166,166,167,167,167,168,168,169,170,170,171,172,172,174,174,174,175,175,176,176,176,175,175,176,177,177,178,179,179,177,178,179,180,181,182,181,181,181,182,183,184,185,186,185,185,185,186,187,188,189,190,189,189,189,189,190,190,190,191,191,191,191,191,191,192,192,193,193,193,194,194,194,195,195,196,196,196,195,195,195,196,196,197,197,197,198,197,197,197,197
255,255,255,255,255,255,255,255,255,255,255,255,255,255,255,255,255,255,255,255,255,255,255,255,255,255,255,255,255,255,255,255,255,255,255,255,255,255,255,255,255,255,255,255,255,255,255,255,255,255,255,255,255,255,255,255,255,255,255,255,255,255,255,255,255,255,255,255,255,255,255,255,255,255,255,255,255,255,255,255,255,255,255,255,255,255,255,255,255,255,255,255,255,255,255,255,255,255,255,255
187,195,187,190,186,190,184,189,190,193,195,195,195,194,193,193,188,189,197,201,200,201,205,199,200,203,205,206,207,206,206,207,208,208,209,210,210,211,211,199,202,206,208,208,211,216,220,213,213,214,214,215,216,217,217,213,214,217,220,221,222,222,221,216,216,225,226,218,221,231,231,222,224,230,235,232,225,225,229,229,230,230,231,232,233,234,234,230,236,233,232,238,235,230,235,237,237,237,237,237
167,169,168,167,174,170,174,170,171,172,173,174,175,174,174,176,175,174,173,174,175,177,178,179,176,176,180,181,180,182,186,182,182,181,182,183,184,185,186,183,183,184,185,185,186,187,187,184,185,187,188,189,190,190,190,189,190,191,192,192,192,192,191,193,193,193,194,194,195,195,195,195,196,197,198,198,198,198,197,197,198,198,199,199,198,198,197,197,197,198,198,198,198,199,199,200,200,200,201,201
222,224,219,225,214,224,218,226,224,222,221,223,225,225,225,228,225,217,222,234,231,225,232,229,229,230,233,236,237,236,234,235,234,233,234,236,237,236,235,234,229,229,235,236,233,234,240,234,235,236,236,237,237,236,236,236,236,237,238,239,239,239,239,242,242,243,243,243,242,241,241,234,243,249,246,241,240,241,240,244,240,239,242,243,242,245,249,239,246,245,245,251,247,241,245,244,245,246,246,247
161,164,164,163,169,163,166,168,168,169,170,170,171,172,172,170,170,171,172,172,173,174,174,176,176,176,177,177,178,178,178,177,177,178,179,179,180,181,181,181,182,183,184,184,184,184,183,182,183,184,185,186,187,186,186,187,187,187,188,188,189,189,189,189,189,189,190,190,191,191,191,192,192,192,193,193,194,194,194,194,195,196,197,197,197,197,196,197,197,197,198,198,199,199,199,199,199,199,200,200
185,186,191,187,194,191,188,192,193,194,195,195,195,194,194,194,195,196,197,198,198,198,198,196,197,197,198,199,199,198,198,202,202,202,203,203,203,204,204,204,204,205,207,210,210,209,207,206,210,210,207,208,211,211,208,207,207,208,210,212,213,215,215,212,212,212,212,212,212,212,212,206,210,214,215,214,213,214,216,216,215,214,216,218,219,219,218,220,220,221,221,220,220,219,218,220,221,222,223,223
230,229,233,228,228,230,225,228,230,233,235,235,234,232,230,230,232,234,233,232,233,237,240,231,232,237,240,238,232,233,237,245,237,233,238,244,243,239,236,237,236,236,236,236,237,238,239,243,241,239,240,242,241,238,235,240,236,237,242,242,237,236,240,243,243,242,241,241,241,242,242,237,242,244,242,242,244,243,240,242,243,245,246,246,246,246,245,243,250,248,247,252,248,242,246,243,245,247,249,249
160,163,163,162,168,162,165,164,165,166,167,168,169,168,168,169,169,170,171,171,172,173,173,173,173,173,174,174,175,175,175,177,179,180,180,178,178,179,181,181,181,182,183,183,184,185,185,185,185,185,186,186,187,187,187,188,189,190,192,194,194,195,195,196,196,197,198,199,199,200,200,199,199,200,201,203,204,205,205,205,207,207,205,207,211,209,205,206,210,210,208,209,213,213,211,213,213,212,212,212
205,208,211,204,211,210,210,207,208,209,210,211,211,211,211,213,213,214,215,215,216,217,217,214,216,219,221,221,220,218,216,219,218,218,218,218,219,220,221,220,221,222,223,225,226,227,228,226,229,229,226,227,230,231,228,229,229,228,227,227,229,230,231,231,232,233,234,234,234,234,233,229,234,235,231,232,238,238,234,238,236,235,236,238,239,237,236,236,237,238,239,239,239,238,238,239,241,243,242,240
247,249,251,252,251,249,248,249,250,250,251,251,250,250,249,251,251,251,251,251,251,251,251,251,251,251,251,251,251,251,251,251,251,251,252,252,253,253,253,250,253,255,255,254,252,252,253,254,254,254,254,254,254,254,254,254,254,254,254,254,254,254,254,254,254,254,254,254,254,254,254,253,253,253,253,253,253,253,253,254,254,254,254,254,254,254,254,254,254,254,254,254,254,254,254,253,253,253,253,253
152,155,155,154,160,154,157,156,156,157,158,158,159,160,160,160,160,161,162,162,163,164,164,165,165,166,167,168,168,169,169,166,166,167,168,169,169,170,171,169,170,171,172,173,174,173,173,173,174,175,176,176,176,176,175,177,178,179,180,180,180,180,179,180,180,181,181,181,182,182,182,182,182,183,184,185,185,186,186,186,186,187,187,187,188,188,188,189,189,190,190,190,191,191,191,194,193,192,191,192
147,150,149,145,150,145,149,149,149,150,150,150,149,148,148,148,149,150,151,152,152,152,152,151,152,153,154,154,154,154,153,150,151,153,155,156,156,155,155,156,155,155,155,156,158,160,161,156,156,157,158,158,157,156,156,162,162,162,162,162,162,162,162,161,162,162,163,163,162,162,161,163,162,162,161,161,162,162,163,164,163,162,163,165,166,165,164,164,165,165,166,166,165,165,164,162,165,168,168,165
162,162,163,163,163,164,164,164,165,166,166,167,167,166,166,166,166,166,167,167,167,168,168,169,169,169,170,170,170,171,171,171,171,171,172,172,172,173,173,171,172,172,173,174,175,176,176,177,178,178,179,179,178,178,177,181,181,180,180,180,179,179,179,183,183,183,184,184,185,185,185,185,185,185,186,186,186,187,187,189,189,189,189,189,189,189,189,191,191,189,188,188,189,191,191,190,191,194,196,196
170,173,173,172,178,172,175,175,175,176,177,177,178,179,179,177,177,178,179,179,180,181,181,181,182,183,184,186,187,188,189,185,186,189,190,191,191,190,189,190,191,193,194,195,196,196,196,195,195,196,197,197,198,199,199,200,200,201,202,202,203,204,204,204,204,204,205,205,206,206,206,208,208,209,210,210,211,212,212,210,211,212,213,214,215,214,214,212,213,214,215,216,217,216,216,218,218,218,219,219
107,101,107,107,106,107,102,106,106,106,106,106,106,106,106,106,107,108,108,109,109,108,108,108,109,110,111,111,111,111,110,111,111,111,112,112,113,113,113,110,113,115,114,112,111,113,116,114,114,114,113,113,112,112,111,114,115,117,118,118,117,115,114,117,117,117,118,118,119,119,119,117,117,117,118,118,118,119,119,119,119,119,119,119,119,119,119,119,119,119,120,120,120,121,121,119,119,119,120,120
252,252,252,252,252,252,252,253,253,253,253,253,253,253,253,254,254,254,254,254,254,254,254,254,254,254,254,254,254,254,254,254,254,254,254,254,254,254,254,254,254,254,254,254,254,254,254,254,254,254,254,254,254,254,254,254,254,254,254,254,254,254,254,254,254,254,254,254,254,254,254,253,253,253,253,253,253,253,253,254,254,254,254,254,254,254,254,254,254,254,254,254,254,254,254,253,253,253,253,253
177,179,179,178,183,177,180,181,181,181,182,182,183,183,183,183,183,184,185,185,186,187,187,187,187,188,189,189,190,191,191,191,191,192,193,193,194,195,195,195,196,197,198,199,200,199,199,199,200,201,202,202,202,202,201,201,202,203,204,205,206,206,206,204,204,205,206,206,207,208,208,207,207,208,209,210,210,211,211,208,209,210,211,211,211,211,210,212,212,213,213,213,214,214,214,214,214,214,214,214
101, 98,101, 98,100,103, 98, 98, 98, 98, 99, 99, 99,100,100,101,101,101,102,102,102,103,103,102,101,101,103,105,105,104,102,105,105,105,106,106,107,107,107,109,109,108,107,107,107,108,108,108,108,108,109,109,110,110,110,108,108,108,109,110,111,112,113,111,111,111,112,112,113,113,113,112,111,109,110,112,114,114,113,113,112,111,112,114,115,114,113,112,113,113,114,114,115,115,115,116,116,116,115,115
62,63,63,64,65,66,66,65,65,65,66,66,67,67,67,65,66,68,69,69,68,66,65,66,66,66,67,67,67,68,68,68,68,68,69,69,69,70,70,68,69,70,71,73,74,75,76,72,72,72,72,72,72,72,72,73,73,73,74,74,75,75,75,74,74,74,74,74,74,74,74,76,76,76,77,77,78,78,78,79,79,79,79,79,79,79,79,80,80,80,80,80,80,80,80,81,81,81,82,82
174,176,176,175,181,176,180,177,178,179,180,182,183,184,185,182,182,183,184,184,185,186,186,187,187,187,188,188,189,189,189,191,191,192,193,194,194,195,195,192,193,194,195,196,197,196,196,197,197,197,198,198,199,199,199,200,201,202,203,203,203,203,202,203,203,203,204,204,205,205,205,206,206,207,208,208,209,210,210,208,209,210,211,211,211,211,210,209,210,211,212,213,214,213,213,213,214,214,215,215
115,115,116,117,118,120,120,110,115,109,121,111,122,114,118,117,117,117,117,117,117,117,117,119,118,116,117,118,118,116,115,114,116,118,118,115,113,112,112,120,117,116,119,119,116,117,120,116,116,116,116,116,116,116,116,117,113,121,111,121,111,119,115,115,115,116,117,117,118,119,119,120,116,114,117,118,116,116,118,118,118,118,119,119,120,120,120,116,117,118,119,119,119,119,118,116,120,121,118,118
191,193,192,191,197,191,195,196,196,197,198,198,199,200,200,201,202,203,202,201,201,203,205,204,204,205,206,206,207,208,208,207,209,210,210,210,210,211,213,213,213,214,215,217,218,219,219,216,217,217,218,220,221,221,222,219,219,220,221,222,223,223,224,224,224,224,224,224,224,224,224,221,221,222,223,223,224,225,225,226,226,225,227,229,229,228,226,223,225,228,230,231,230,229,228,229,230,230,231,231
117,117,117,118,119,120,120,111,118,122,120,118,119,119,117,117,119,121,120,118,117,119,121,114,118,119,117,118,121,120,117,115,118,121,121,119,118,119,122,117,126,121,114,120,123,119,121,112,118,121,119,119,121,119,116,124,112,117,114,118,124,112,115,118,120,121,120,118,117,118,120,116,117,110,123,112,119,111,119,120,117,116,118,118,116,117,120,119,119,119,119,119,119,119,119,121,120,119,119,120
171,175,176,175,182,176,179,177,178,179,180,180,180,180,179,181,181,181,182,182,183,183,183,184,184,185,186,186,187,188,188,188,188,189,190,190,191,192,192,189,190,191,192,193,193,193,193,196,196,197,198,198,199,200,200,198,199,200,201,201,201,201,200,202,202,202,203,203,204,204,204,203,203,204,205,205,206,207,207,206,207,208,209,209,209,209,208,208,208,208,209,209,210,210,210,211,211,212,213,213
120,119,118,119,121,124,126,122,121,124,127,126,121,121,124,121,129,122,128,115,127,120,122,123,120,121,125,126,124,125,128,124,123,121,120,121,123,125,127,126,131,121,126,126,119,128,123,125,124,124,123,123,124,124,125,126,130,123,121,128,126,121,125,122,124,126,126,125,124,125,126,122,128,120,125,124,120,132,129,127,122,121,125,126,124,123,124,124,126,128,128,126,125,126,127,128,129,129,126,123
173,176,176,175,181,175,178,178,178,179,180,180,181,182,182,180,181,183,183,183,183,184,186,186,187,188,189,189,189,189,188,189,189,190,190,190,190,190,190,192,193,194,195,196,197,196,196,196,197,198,199,200,201,200,200,202,202,202,203,203,204,204,204,202,203,204,205,205,205,205,204,204,206,208,209,210,210,209,209,208,209,210,211,211,211,211,210,209,210,211,212,213,214,213,213,215,215,213,213,212
128,123,121,127,126,123,129,123,124,125,125,124,124,126,129,128,123,122,126,127,125,124,125,130,123,121,126,128,125,122,124,124,125,126,126,125,124,124,124,126,125,123,124,125,126,125,124,118,126,132,132,126,122,124,127,129,129,128,127,126,126,126,126,124,122,121,123,127,129,128,125,126,124,122,123,125,127,127,126,130,123,125,127,124,128,133,127,125,128,131,129,125,124,128,133,123,125,128,129,128
145,150,150,148,153,148,152,151,151,152,153,153,154,155,155,155,155,156,157,157,158,159,159,159,159,160,161,161,162,163,163,163,163,163,164,164,165,165,165,167,168,169,170,171,172,171,171,170,171,173,175,176,175,173,172,174,174,175,176,176,177,178,178,178,178,179,180,180,181,182,182,182,182,183,184,184,185,186,186,186,186,187,188,188,189,190,190,189,189,190,191,191,192,193,193,196,196,196,196,196
153,147,156,143,152,148,155,150,155,149,145,152,151,149,156,154,156,156,155,153,152,152,154,153,153,152,151,151,151,152,153,151,154,153,150,150,153,154,151,158,154,149,147,148,151,153,154,146,147,149,151,153,154,154,154,152,156,150,147,153,152,150,156,151,150,148,148,149,151,154,156,152,155,146,156,145,156,150,155,156,155,153,152,152,153,155,156,156,155,155,154,154,153,153,152,154,154,155,157,157
168,171,170,168,173,167,170,171,171,172,172,173,174,175,175,174,175,175,175,174,175,178,181,180,180,181,182,182,183,184,184,181,181,182,182,183,184,185,185,186,187,188,189,190,190,190,190,192,192,193,193,193,193,194,194,190,191,193,195,196,197,198,198,198,198,198,199,199,199,200,200,200,200,201,201,202,203,204,204,203,203,203,204,204,204,205,205,206,207,208,209,209,209,208,208,211,210,210,210,210
135,135,135,135,135,135,135,137,136,136,135,136,137,139,140,138,138,138,138,138,138,138,138,137,137,137,137,137,137,137,137,137,137,137,137,137,137,137,137,137,137,137,137,137,137,137,137,138,141,140,137,137,140,141,138,143,138,135,137,141,143,140,135,138,138,138,139,139,140,140,140,141,140,139,138,138,138,138,139,140,140,140,141,141,142,142,142,141,141,141,141,141,141,141,141,143,145,142,138,138
109,110,111,111,111,111,110,111,111,111,111,111,111,111,111,107,111,111,107,107,113,114,110,112,113,114,115,117,118,119,120,119,119,120,121,122,123,123,124,124,124,125,124,124,122,121,120,123,121,118,116,115,116,117,118,118,114,110,112,116,118,114,110,113,113,112,112,112,112,111,111,112,112,112,112,112,112,112,112,111,111,111,112,112,113,113,113,116,114,113,114,116,117,116,114,112,113,114,114,115
135,137,138,138,137,135,134,135,138,138,135,135,138,138,135,139,139,139,140,140,141,141,141,140,139,139,138,138,139,139,140,136,142,138,136,142,140,136,142,141,142,142,141,139,139,141,143,135,140,143,141,140,142,141,139,142,142,142,141,141,140,140,140,141,138,138,141,142,141,142,146,137,143,140,139,145,143,138,143,141,141,143,146,144,140,142,148,146,146,145,144,142,141,140,140,144,144,144,144,144
114,118,116,112,111,114,119,113,113,113,113,113,113,113,113,113,112,111,111,113,113,112,111,112,112,112,112,112,112,112,112,110,110,110,110,110,110,110,110,112,111,110,109,110,111,113,114,111,111,111,112,112,113,113,114,111,111,111,110,110,109,109,108,111,111,111,111,111,111,111,111,109,110,110,110,111,112,112,112,112,112,112,112,112,112,112,112,113,114,114,115,115,114,114,113,110,110,110,111,111
139,139,140,140,141,141,141,142,139,139,142,143,142,143,147,146,147,147,145,143,142,144,145,145,146,146,147,147,146,146,145,143,146,146,142,141,145,148,147,147,152,148,146,159,137,159,144,146,153,150,149,155,151,146,150,152,150,149,150,153,154,151,148,147,148,150,150,148,148,150,151,147,148,149,149,150,151,152,152,151,150,149,149,151,151,150,149,152,152,152,152,152,152,152,152,148,151,154,155,154
100,100,100,100,100,100,100,100,100,100,101,101,102,102,102,100,100,100,101,101,102,102,102, 98, 99,101,102,102,101, 99, 98, 98,102,104,103, 99, 98,100,104, 99, 99, 99, 99, 99, 99, 99, 99,101,102,102,103,103,102,102,101, 99, 99, 99, 99, 99, 99, 99, 99,101,101,101,101,101,101,101,101,102,102,102,102,102,102,102,102,101,101,101,101,101,101,101,101,101,101,101,101,101,101,101,101,101,103,103,102,100
254,254,253,253,252,252,252,252,252,252,252,252,252,252,252,252,252,252,252,252,252,252,252,252,252,252,252,252,252,252,252,252,252,252,252,252,252,252,252,252,252,252,252,252,252,252,252,252,252,252,252,252,252,252,252,252,252,252,252,252,252,252,252,252,252,252,252,252,252,252,252,252,252,252,252,252,252,252,252,252,252,252,252,252,252,252,252,252,252,252,252,252,252,252,252,252,252,252,252,252
104,108,108,106,106,110,115, 90,117,104, 99,114,105, 98,110,103,105,107,110,113,115,117,117,112,108,112, 99,113,109,117,109,103,107,111,110,108,108,113,118,125,109,123,109,115,104,107,120,109,117,102,128,104,125,110,125,120,117,107,107,117,115,111,117,112,116,117,113,112,115,117,116,128,114,108,117,124,120,119,122,113,113,114,118,121,120,116,112,115,116,121,125,121,114,116,124,116,122,120,120,124
90,90,90,90,90,90,90,93,92,90,89,89,90,92,93,88,89,91,91,91,91,89,88,91,91,91,91,91,91,91,91,91,91,91,91,91,91,91,91,89,90,90,91,91,90,90,89,93,93,92,92,92,91,91,91,96,95,92,91,90,91,93,94,92,92,92,92,91,90,89,88,94,93,91,92,93,93,91,90,91,91,92,92,92,93,93,93,93,93,93,93,93,93,93,93,91,91,92,93,93
175,179,183,180,175,179,188,187,184,181,179,178,178,177,176,185,180,185,171,189,185,191,178,182,179,182,188,187,181,179,182,178,180,182,180,178,179,184,189,194,186,186,193,192,185,186,194,183,187,188,182,180,184,189,191,189,190,191,193,193,192,191,190,190,192,194,192,191,190,187,184,200,187,194,189,202,183,194,197,194,199,200,194,192,197,199,196,203,198,196,197,196,192,192,196,187,195,197,190,186
153,153,153,153,153,153,153,147,148,150,153,155,153,149,145,150,149,147,147,149,149,147,146,149,149,149,149,148,148,147,147,141,142,143,144,144,142,140,139,144,143,143,142,141,140,139,139,141,141,141,141,141,142,142,142,141,141,141,141,141,141,141,141,136,137,138,140,140,139,138,138,141,141,141,142,142,143,143,144,139,139,140,142,143,144,145,145,146,144,142,144,148,150,149,147,149,151,151,148,145
157,155,156,158,157,152,148,151,152,154,154,151,150,153,158,152,151,151,152,154,155,154,153,153,151,154,159,160,157,156,158,163,155,149,150,153,153,153,153,156,153,151,154,160,163,156,147,149,155,159,158,153,150,151,154,166,143,137,151,149,126,120,134,165,181,171,135,122,133,128,105,116,113,121,126,121,121,122,114,122,137,137,126,122,121,125,138,135,132,130,130,127,121,120,123,129,122,123,133,140
153,156,159,152,158,156,155,157,156,156,155,155,156,156,157,154,155,156,157,157,157,157,156,156,156,156,157,157,158,158,158,157,158,159,159,157,157,158,159,156,157,158,159,160,161,161,161,160,160,160,160,160,160,160,160,158,158,158,159,159,160,160,160,161,161,161,161,161,161,161,161,161,161,161,161,161,161,161,161,161,161,161,161,161,161,161,161,160,161,162,163,163,163,163,162,161,162,162,163,163
167,168,171,165,171,168,167,167,167,167,167,167,167,167,167,167,168,170,170,168,168,170,171,168,168,168,169,169,170,170,170,170,170,170,170,170,170,170,170,168,169,170,170,171,171,170,170,171,172,172,173,173,172,172,171,172,171,170,171,173,174,173,172,170,171,172,173,173,173,173,172,172,169,170,173,174,171,172,175,175,175,175,174,173,171,170,169,171,172,173,174,174,174,173,173,173,173,173,174,174
184,191,186,190,184,189,187,188,188,188,187,187,186,186,185,187,187,187,188,188,189,189,189,190,189,188,187,188,189,191,192,185,187,189,189,189,189,191,193,187,188,189,190,190,190,189,189,189,189,189,190,190,191,191,191,189,189,189,190,190,190,191,191,190,191,191,192,192,191,191,190,190,190,190,190,190,190,190,190,192,192,192,192,191,190,189,188,190,191,192,193,193,193,193,192,190,191,191,192,192
202,209,200,209,203,204,205,204,204,204,205,205,206,206,206,204,204,204,205,205,206,206,206,205,204,204,204,204,205,206,207,205,206,207,207,205,205,206,207,204,205,206,206,207,207,206,206,209,209,209,209,208,207,206,206,209,208,207,207,209,209,208,207,208,208,208,208,208,208,208,208,209,206,206,209,209,206,206,209,208,206,208,212,212,207,205,206,206,207,208,209,209,209,209,208,209,209,209,208,208
212,212,213,214,220,211,212,214,214,214,214,214,214,214,214,214,214,214,215,215,216,216,216,215,215,215,216,216,217,217,217,215,216,217,217,215,215,216,217,214,217,218,215,215,218,217,214,218,218,218,218,217,216,215,215,216,215,214,214,216,216,215,214,217,217,217,217,217,217,217,217,215,215,216,216,216,215,214,213,219,216,216,219,218,214,213,215,213,214,215,216,216,216,215,215,215,216,216,217,217
225,224,227,223,224,228,224,226,226,226,226,226,226,226,226,225,225,225,226,226,226,227,227,226,226,226,226,226,226,226,226,226,226,226,227,227,228,228,228,227,227,227,227,227,227,227,227,227,227,227,227,227,227,227,227,228,227,226,226,228,228,227,226,227,227,227,228,228,229,229,229,226,226,226,226,226,226,226,226,227,224,224,227,227,224,224,227,224,225,226,227,227,227,226,226,225,226,226,227,227
255,255,255,255,255,255,255,255,255,255,255,255,255,255,255,255,255,255,255,255,255,255,255,255,255,255,255,255,255,255,255,255,255,255,255,255,255,255,255,255,255,255,255,255,255,255,255,255,255,255,255,255,255,255,255,255,255,255,255,255,255,255,255,255,255,255,255,255,255,255,255,255,255,255,255,255,255,255,255,255,255,255,255,255,255,255,255,255,255,255,255,255,255,255,255,255,255,255,255,255
254,254,253,253,252,252,252,252,252,252,252,252,252,252,252,252,252,252,252,252,252,252,252,252,252,252,252,252,252,252,252,252,252,252,252,252,252,252,252,252,252,252,252,252,252,252,252,252,252,252,252,252,252,252,252,252,252,252,252,252,252,252,252,252,252,252,252,252,252,252,252,252,252,252,252,252,252,252,252,252,252,252,252,252,252,252,252,252,252,252,252,252,252,252,252,252,252,252,252,252
254,254,254,254,254,254,254,254,254,254,254,254,254,254,254,254,254,254,254,254,254,254,254,254,254,254,254,254,254,254,254,254,254,254,254,254,254,254,254,254,254,254,254,254,254,254,254,254,254,254,254,254,254,254,254,254,254,254,254,254,254,254,254,254,254,254,254,254,254,254,254,254,254,254,254,254,254,254,254,254,254,254,254,254,254,254,254,254,254,254,254,254,254,254,254,254,254,254,254,254
254,254,254,254,254,254,254,254,254,254,254,254,254,254,254,254,254,254,254,254,254,254,254,254,254,254,254,254,254,254,254,254,254,254,254,254,254,254,254,254,254,254,254,254,254,254,254,254,254,254,254,254,254,254,254,254,254,254,254,254,254,254,254,254,254,254,254,254,254,254,254,254,254,254,254,254,254,254,254,254,254,254,254,254,254,254,254,254,254,254,254,254,254,254,254,254,254,254,254,254
254,254,254,254,254,254,254,254,254,254,254,254,254,254,254,254,254,254,254,254,254,254,254,254,254,254,254,254,254,254,254,254,254,254,254,254,254,254,254,254,254,254,254,254,254,254,254,254,254,254,254,254,254,254,254,254,254,254,254,254,254,254,254,254,254,254,254,254,254,254,254,254,254,254,254,254,254,254,254,254,254,254,254,254,254,254,254,254,254,254,254,254,254,254,254,254,254,254,254,254
254,254,254,254,254,254,254,254,254,254,254,254,254,254,254,254,254,254,254,254,254,254,254,254,254,254,254,254,254,254,254,254,254,254,254,254,254,254,254,254,254,254,254,254,254,254,254,254,254,254,254,254,254,254,254,254,254,254,254,254,254,254,254,254,254,254,254,254,254,254,254,254,254,254,254,254,254,254,254,254,254,254,254,254,254,254,254,254,254,254,254,254,254,254,254,254,254,254,254,254
254,254,254,254,254,254,254,254,254,254,254,254,254,254,254,254,254,254,254,254,254,254,254,254,254,254,254,254,254,254,254,254,254,254,254,254,254,254,254,254,254,254,254,254,254,254,254,254,254,254,254,254,254,254,254,254,254,254,254,254,254,254,254,254,254,254,254,254,254,254,254,254,254,254,254,254,254,254,254,254,254,254,254,254,254,254,254,254,254,254,254,254,254,254,254,254,254,254,254,254
254,254,254,254,254,254,254,254,254,254,254,254,254,254,254,254,254,254,254,254,254,254,254,254,254,254,254,254,254,254,254,254,254,254,254,254,254,254,254,254,254,254,254,254,254,254,254,254,254,254,254,254,254,254,254,254,254,254,254,254,254,254,254,254,254,254,254,254,254,254,254,254,254,254,254,254,254,254,254,254,254,254,254,254,254,254,254,254,254,254,254,254,254,254,254,254,254,254,254,254
16,26,11,18,40,26,24,19,18,21,25,24,20,19,21,23,26,28,27,23,23,26,29,24,22,23,27,27,24,23,26,23,19,30,27,29,35,26,31,21,24,25,24,21,19,21,23,18,28,10,37,14,39,19,27,18,19,28,15,15,31,27,30,21,32,17,41,23,23,37,30,17,33,34,20,19,33,32,15,25,29,30,30,21,40,18,16,25,27,17,31,18,27,18,25,23,21,19,16,16
17,25,11,12,26,15,24,20,30,24,28,23,14,24,20,13,18,23,23,21,23,30,36,19,16,15,19,25,28,27,24,30,17,25,24,27,31,23,32,17,18,18,18,18,18,19,19,22,20,11,31,22,30,18,24,15,12,23,17,17,26,24,35,17,54,28,28,17,26,29,15,16,27,23,25,26,21,30,20,28,29,29,28,16,31,10,13,20,13,31,22,17,22,13,31,22,24,24,23,20
20,21,15,12,19,24,24,12,17, 8,16,18,12,18,10,17,17,19,18,21,19,21,20,14,12,13,17,18,15,15,17,30,22, 8,24,21,31,21,25,13,18,23,24,21,17,16,16,19,17,15,13,14,16,20,22, 7, 9,21,12,12,25,22,29,21,41,28,23,13,26,15,18, 9,23,27,15,18,27,26,11,22,25,27,13,20,28,10,11,21, 9,22,16,16,24,12,25,17,16,15,15,16
19,17,12,13,20,22,18, 7,14,19,18,16,17,16,12,22,21,19,19,20,23,26,29,12,13,14,15,16,17,18,18,22,18,28,22,21,26,18,25,18,15,15,18,17,13,13,16,12,20,12,17,20,19,28,18,14,12,18, 5, 5,20,18,24,11,41,26,22,18,21, 7,33,11,26,22,28, 6,17,14,23,16,18,22,28,10,21, 3,17,14,22,29,28,21,16,19,23,28,23,21,21,18
11, 9, 5, 7,14,15,10, 7,10, 4,15,15, 4,13,12,14,15,15,15,16,20,25,29, 0, 0, 2, 5, 9,11,13,13,13,12,11,13,16,18,17,16,17,14,14,16,16,12,12,15,12,10, 9,12,17,20,18,16, 8, 7,17, 7, 6,17,13,21,13,21,19,22, 1,17,14, 8, 0,15,10,13, 6,28,18, 9,12,11,27,25,19,15, 4,14,16, 5,19,12,10,15, 2,16,10,11,12,12,11
 8,11, 5, 7,15,14, 4, 5,11, 3,10,10, 3, 9, 1, 4,10,16,14, 9,10,19,28,14, 8, 5, 6, 7, 8,13,20,21,19,18,18,21,22,22,21,12, 9,20, 5,15, 2,14,12,16,13,11,12,15,16,13,10, 5, 6,11, 0, 2,29,29,28,17,37, 8,23,14, 8,11,11, 2,22,12,12,12,31,16,11,13,17,23,28,16,28, 2, 1,16, 7, 3, 6,11,11, 9, 9,15,20,10,13,12
16,18,11,11,18,18,10, 8,13,14,10, 7, 9,10, 9,13,12,11,11,14,17,22,24, 9, 4, 3, 7,11,10, 9,10,15,12, 9,11,14,15,13,10,19,13,10,13,15,12, 9, 9, 9, 9,10,14,18,17,13, 8, 5, 6,11, 0, 0,20,12, 7,12,36, 7,17, 8, 8,12, 8, 7,15, 9,16, 7,20,12,13,13,24,30,24, 3,18, 4,12,15,12,12,13,12, 9,10,14,19,15, 4,21, 8
12,12, 5, 6,13,11, 0, 5, 8,11,10, 7, 6, 7, 9,11,13,11, 7, 7,12,15,14, 7, 7, 6, 7, 7, 9,10,11,24,14,10,17,23,20,16,16,11, 8, 8,11,11, 8, 8,11, 9, 6, 6,12,20,19, 9, 0,13, 0,21, 0, 0,21, 4,21,19,36, 4,20,16,15,20,20, 2,19,18, 8,11,15,13,13, 0, 9,20,26,12,23, 0, 4,13,12,11,10,11,12,14,15,15,21, 8, 9,10
12,12,12,13,14,14,13, 9, 8, 6, 6, 7, 8, 9, 9, 9,10,10, 9, 9,12,17,20,11, 9, 8, 9,10,10, 9, 7,13, 3,12,10,12,16, 7,16,14,14,14,14,13,13,13,13, 9,10,13,16,16,12, 5, 0,17,12,16, 3, 3,14, 6, 7,15,28,19,12, 7,27, 9,12, 2,15,18, 9,11,23,23,12,17,13,16,25,14,24, 4,15,12,10,11,14,14, 9, 8,10,12,18, 8,11, 5
10, 9, 6, 5, 7, 8, 8, 6, 6, 6, 6, 6, 6, 5, 5, 8, 9, 9,11,13,16,19,20,11, 1, 9, 3,20, 6,14, 8,11,13,15,14,11,11,14,18, 4, 7,10,13,14,13,10, 8,13,14, 7,21,20, 5, 9, 8,11, 8,13, 0, 0,15,13,21,12,34, 7,22,13, 9,15,17, 0,13,19,12,10,16,17,11,11,11,20,10,11,21, 8, 4,10,11,15,16,11, 4, 5,10,13,13,12,10,10
 6,17, 8, 8,19, 8,22,13,14,15,15,14,13,13,13, 4,16,13,18,14,10,29,33,10,10,10,11,13,15,17,18,26,15,24,23,23,24,14,24,16,13,13,17,18,16,16,20,13, 9, 8,13,20,24,19,14, 3,12,16,10, 7,13,19,21, 7,29,20,19,13,28,16,16,10,30,21,13,12,19,27, 6,18,22,24,25,11,25, 6,12,19,20,21,22,22,21,20,20,19,33,14,32, 2
4,4,4,4,4,4,4,5,5,5,5,5,5,5,5,2,2,2,2,2,2,2,2,4,4,4,4,4,4,4,4,4,4,4,4,4,4,4,4,5,5,5,5,5,5,5,5,5,5,5,5,5,5,5,5,3,3,4,4,4,5,5,5,4,3,3,2,2,3,3,4,4,4,4,4,4,4,4,4,5,5,5,5,5,5,5,5,3,3,3,3,3,3,3,3,5,5,5,5,5
1,1,1,1,1,1,1,2,2,2,2,2,2,2,2,2,2,2,2,2,2,2,2,2,2,2,2,2,2,2,2,2,2,2,2,2,2,2,2,2,3,3,4,4,3,3,2,2,2,2,2,2,2,2,2,2,2,2,2,2,2,2,2,1,1,1,1,1,1,1,1,0,1,2,3,4,5,6,6,3,2,2,1,1,2,2,3,0,0,0,1,1,1,2,2,2,2,2,2,2
2,2,2,2,2,2,2,1,1,1,1,1,1,1,1,1,1,1,1,1,1,1,1,2,2,2,2,2,2,2,2,0,0,0,0,0,0,0,0,1,1,1,1,1,1,1,1,2,2,2,2,2,2,2,2,1,1,1,2,2,2,3,3,2,2,2,2,2,2,2,2,1,1,1,1,1,1,1,1,1,1,1,1,1,1,1,1,3,3,3,3,3,3,3,3,1,1,1,1,1
 1, 0, 1, 0, 0, 2, 8, 0, 0, 4, 6, 6, 4, 0, 0, 8, 5, 3, 5, 8, 9, 6, 2, 4, 5, 7, 8, 7, 5, 3, 2, 0, 2, 4, 5, 4, 3, 3, 4, 2, 2,13, 4, 1, 9, 1, 6, 1, 2, 4, 6, 7, 7, 7, 6, 3, 3, 4, 4, 4, 4, 5, 5, 9,11,11,10, 7, 4, 3, 4, 5, 4, 2, 1, 1, 2, 4, 5,20,16,11, 6, 3, 2, 3, 4, 4, 3, 3, 3, 3, 4, 5, 6, 4, 4, 5, 7, 9
2,1,1,3,3,2,1,3,2,1,1,3,3,2,1,2,2,2,2,2,2,2,2,2,2,2,2,2,2,2,2,3,2,2,1,1,2,2,3,2,2,2,2,2,2,2,2,1,1,1,1,1,1,1,1,3,3,3,3,3,3,3,3,1,1,1,2,2,3,3,3,0,0,0,1,1,1,2,2,1,1,1,1,1,1,1,1,2,2,2,3,3,4,4,4,2,2,2,2,2
0,0,0,0,0,0,0,0,0,0,0,0,0,0,0,0,0,0,0,0,0,0,0,0,0,0,0,0,0,0,0,0,0,0,0,0,0,0,0,0,0,0,0,0,0,0,0,0,0,0,0,0,0,0,0,0,0,0,0,0,0,0,0,0,0,0,0,0,0,0,0,0,0,0,0,0,0,0,0,0,0,0,0,0,0,0,0,0,0,0,0,0,0,0,0,0,0,0,0,0
4,2,1,1,2,3,4,4,2,0,0,2,4,5,5,7,5,6,9,9,4,3,4,8,3,2,6,7,5,4,5,5,5,5,4,4,3,3,3,3,2,2,1,1,2,2,3,4,0,0,4,7,6,5,7,5,4,2,1,1,2,4,5,3,3,3,3,3,3,3,3,0,1,1,2,2,1,1,0,7,6,4,3,2,3,3,4,1,1,1,2,2,3,3,3,1,2,4,5,5
70,70,70,70,70,70,70,71,71,71,71,71,71,71,71,71,71,71,71,71,71,71,71,71,71,71,71,71,71,71,71,71,71,71,71,71,71,71,71,71,71,71,71,71,71,71,71,72,72,72,72,72,72,72,72,72,72,72,72,72,72,72,72,72,72,72,72,72,72,72,72,72,72,72,72,72,72,72,72,73,73,73,73,73,73,73,73,73,73,73,73,73,73,73,73,73,73,73,73,73
0,0,0,0,0,0,0,0,0,0,0,0,0,0,0,0,0,0,0,0,0,0,0,0,0,0,0,0,0,0,0,0,0,0,0,0,0,0,0,0,0,0,0,0,0,0,0,0,0,0,0,0,0,0,0,0,0,0,0,0,0,0,0,0,0,0,0,0,0,0,0,0,0,0,0,0,0,0,0,0,0,0,0,0,0,0,0,0,0,0,0,0,0,0,0,0,0,0,0,0
1,1,1,1,1,1,1,1,1,1,1,1,1,1,1,1,1,1,1,1,1,1,1,1,1,1,1,1,1,1,1,1,1,1,1,1,1,1,1,1,1,1,1,1,1,1,1,1,1,1,1,1,1,1,1,1,1,1,1,1,1,1,1,1,1,1,1,1,1,1,1,1,1,1,1,1,1,1,1,1,1,1,1,1,1,1,1,1,1,1,1,1,1,1,1,1,1,1,1,1
 5, 5, 5, 4, 3, 2, 1, 5, 4, 2, 1, 1, 2, 4, 5, 4, 5, 7, 8, 7, 5, 3, 1, 0, 2, 3, 2, 0, 0, 1, 3, 5, 4, 3, 3, 5, 5, 4, 3, 6, 3, 3, 6,10,10, 4, 0, 4, 4, 5, 5, 5, 5, 6, 6, 9, 6, 4, 6, 6, 2, 2, 6, 2, 3, 4, 5, 4, 3, 2, 1, 6, 6, 5, 4, 4, 3, 2, 2, 8, 6, 2, 0, 0, 2, 6, 8, 4, 3, 3, 2, 2, 3, 3, 4, 3, 4, 4, 5, 5
41,41,41,41,41,41,41,41,41,41,41,41,41,41,41,41,41,41,41,41,41,41,41,41,41,41,41,41,41,41,41,42,42,42,42,42,42,42,42,42,42,42,42,42,42,42,42,42,42,42,42,42,42,42,42,42,42,42,42,42,42,42,42,42,42,42,42,42,42,42,42,42,42,42,42,42,42,42,42,43,43,43,43,43,43,43,43,43,43,43,43,43,43,43,43,43,43,43,43,43
0,0,0,0,0,0,0,0,0,0,0,0,0,0,0,0,0,0,0,0,0,0,0,0,0,0,0,0,0,0,0,0,0,0,0,0,0,0,0,0,0,0,0,0,0,0,0,0,0,0,0,0,0,0,0,0,0,0,0,0,0,0,0,0,0,0,0,0,0,0,0,2,2,2,2,2,2,2,2,0,0,0,0,0,0,0,0,2,2,2,2,2,2,2,2,0,0,0,0,0
1,1,1,1,1,1,1,1,1,1,1,1,1,1,1,1,1,1,1,1,1,1,1,1,1,1,1,1,1,1,1,1,1,1,1,1,1,1,1,1,1,1,1,1,1,1,1,1,1,1,1,1,1,1,1,1,1,1,1,1,1,1,1,1,1,1,1,1,1,1,1,1,1,1,1,1,1,1,1,1,1,1,1,1,1,1,1,1,1,1,1,1,1,1,1,1,1,1,1,1
 2, 2, 2, 2, 3, 5, 5, 6, 1, 0, 4, 5, 3, 2, 3, 0, 1, 4, 6, 7, 6, 4, 3, 7, 9, 9, 6, 3, 2, 5, 8, 1, 1, 1, 1, 1, 1, 1, 1, 0, 1, 2, 3, 3, 2, 2, 2, 4, 5, 6, 7, 7, 7, 7, 6, 5, 3, 3, 5, 3, 0, 1, 6, 1, 1, 1, 1, 1, 2, 4, 4, 5, 4, 2, 1, 0, 1, 1, 2, 6, 9,11,10, 7, 6, 8,11, 1, 4, 7, 7, 4, 2, 3, 5, 3, 3, 3, 3, 3
41,41,41,41,41,41,41,41,41,41,41,41,41,41,41,42,42,42,42,42,42,42,42,42,42,42,42,42,42,42,42,42,42,42,42,42,42,42,42,42,42,42,42,42,42,42,42,42,42,42,42,42,42,42,42,42,42,42,42,42,42,42,42,42,42,42,42,42,42,42,42,42,42,42,42,42,42,42,42,43,43,43,43,43,43,43,43,43,43,43,43,43,43,43,43,43,43,43,43,43
0,0,0,0,0,0,0,0,0,0,0,0,0,0,0,0,0,0,0,0,0,0,0,0,0,0,0,0,0,0,0,0,0,0,0,0,0,0,0,0,0,0,0,0,0,0,0,0,0,0,0,0,0,0,0,0,0,0,0,0,0,0,0,0,0,0,0,0,0,0,0,0,0,0,0,0,0,0,0,0,0,0,0,0,0,0,0,0,0,0,0,0,0,0,0,0,0,0,0,0
3,3,3,3,3,3,3,3,3,3,3,3,3,3,3,3,3,3,3,3,3,3,3,3,3,3,3,3,3,3,3,1,1,1,1,1,1,1,1,1,1,1,1,1,1,1,1,1,1,1,1,1,1,1,1,3,3,3,3,3,3,3,3,3,3,3,3,3,3,3,3,3,3,3,3,3,3,3,3,3,3,3,3,3,3,3,3,3,3,3,3,3,3,3,3,3,3,3,3,3
40,40,40,40,40,40,40,40,40,40,40,40,40,40,40,40,40,40,40,40,40,40,40,40,40,40,40,40,40,40,40,40,40,40,40,40,40,40,40,40,40,40,40,40,40,40,40,41,41,41,41,41,41,41,41,41,41,41,41,41,41,41,41,41,41,41,41,41,41,41,41,41,41,41,41,41,41,41,41,41,41,41,41,41,41,41,41,41,41,41,41,41,41,41,41,41,41,41,41,41
0,0,0,0,0,0,0,0,0,0,0,0,0,0,0,0,0,0,0,0,0,0,0,0,0,0,0,0,0,0,0,0,0,0,0,0,0,0,0,0,0,0,0,0,0,0,0,0,0,0,0,0,0,0,0,0,0,0,0,0,0,0,0,0,0,0,0,0,0,0,0,0,0,0,0,0,0,0,0,0,0,0,0,0,0,0,0,0,0,0,0,0,0,0,0,0,0,0,0,0
3,3,3,3,3,3,3,1,1,1,1,1,1,1,1,3,3,3,3,3,3,3,3,3,3,3,3,3,3,3,3,1,1,1,1,1,1,1,1,0,0,0,0,0,0,0,0,3,3,3,3,3,3,3,3,3,3,3,3,3,3,3,3,3,3,3,3,3,3,3,3,3,3,3,3,3,3,3,3,3,3,3,3,3,3,3,3,3,3,3,3,3,3,3,3,3,3,3,3,3
41,41,41,41,41,41,41,41,41,41,41,41,41,41,41,41,41,41,41,41,41,41,41,41,41,41,41,41,41,41,41,42,42,42,42,42,42,42,42,42,42,42,42,42,42,42,42,42,42,42,42,42,42,42,42,42,42,42,42,42,42,42,42,42,42,42,42,42,42,42,42,42,42,42,42,42,42,42,42,42,42,42,42,42,42,42,42,43,43,43,43,43,43,43,43,43,43,43,43,43
3,3,3,3,3,3,3,3,3,3,3,3,3,3,3,3,3,3,3,3,3,3,3,3,3,3,3,3,3,3,3,1,1,1,1,1,1,1,1,1,1,1,1,1,1,1,1,3,3,3,3,3,3,3,3,3,3,3,3,3,3,3,3,3,3,3,3,3,3,3,3,3,3,3,3,3,3,3,3,3,3,3,3,3,3,3,3,3,3,3,3,3,3,3,3,3,3,3,3,3
42,42,42,42,42,42,42,43,43,43,43,43,43,43,43,42,42,42,42,42,42,42,42,43,43,43,43,43,43,43,43,43,43,43,43,43,43,43,43,43,43,43,43,43,43,43,43,43,43,43,43,43,43,43,43,44,44,44,44,44,44,44,44,43,43,43,43,43,43,43,43,44,44,44,44,44,44,44,44,43,43,43,43,43,43,43,43,44,44,44,44,44,44,44,44,44,44,44,44,44
40,40,40,40,40,40,40,41,41,41,41,41,41,41,41,41,41,41,41,41,41,41,41,41,41,41,41,41,41,41,41,41,41,41,41,41,41,41,41,41,41,41,41,41,41,41,41,41,41,41,41,41,41,41,41,42,42,42,42,42,42,42,42,42,42,42,42,42,42,42,42,42,42,42,42,42,42,42,42,42,42,42,42,42,42,42,42,42,42,42,42,42,42,42,42,42,42,42,42,42
41,41,41,41,41,41,41,41,41,41,41,41,41,41,41,42,42,42,42,42,42,42,42,41,41,41,41,41,41,41,41,42,42,42,42,42,42,42,42,42,42,42,42,42,42,42,42,42,42,42,42,42,42,42,42,42,42,42,42,42,42,42,42,42,42,42,42,42,42,42,42,43,43,43,43,43,43,43,43,43,43,43,43,43,43,43,43,43,43,43,43,43,43,43,43,42,42,42,42,42
40,40,40,40,40,40,40,40,40,40,40,40,40,40,40,38,38,39,40,40,41,42,42,40,40,40,40,40,40,40,40,41,41,41,41,41,41,41,41,41,41,41,41,41,41,41,41,41,41,41,41,41,41,41,41,41,41,41,41,41,41,41,41,41,41,41,41,41,41,41,41,41,41,41,41,41,41,41,41,41,41,41,41,41,41,41,41,41,41,41,41,41,41,41,41,42,42,42,42,42
40,40,40,40,40,40,40,40,40,40,40,40,40,40,40,40,40,40,40,40,40,40,40,40,40,40,40,40,40,40,40,40,40,40,40,40,40,40,40,41,41,41,41,41,41,41,41,41,41,41,41,41,41,41,41,41,41,41,41,41,41,41,41,41,41,41,41,41,41,41,41,41,41,41,41,41,41,41,41,41,41,41,41,41,41,41,41,41,41,41,41,41,41,41,41,42,42,42,42,42
 7,22, 5, 6,25,12,14, 4,13, 8,17,16, 8,14, 6,19,18,18,18,20,22,24,25,12, 8, 8,11,13,13,17,23,21,17,16,20,23,21,21,22,15,12,13,19,19,14,13,17,17,11,10,18,23,20,19,20, 6, 0, 8, 8,11,18,13,24,18,40,19,31,11, 8,17,11, 0,20,22,11,17,26,24,22,27,19,19,27,17,25, 1, 8,22,20,11,29,14,18,11,25,16,22,22,16,11
41,41,41,41,41,41,41,41,41,41,41,41,41,41,41,42,42,42,42,42,42,42,42,42,42,42,42,42,42,42,42,42,42,42,42,42,42,42,42,42,42,42,42,42,42,42,42,42,42,42,42,42,42,42,42,42,42,42,42,42,42,42,42,42,42,42,42,42,42,42,42,43,43,43,43,43,43,43,43,43,43,43,43,43,43,43,43,43,43,43,43,43,43,43,43,43,43,43,43,43
 4,17,12,15,23, 8,17,12,12,16,22,19,12,10,15,15,15,17,19,20,22,23,23,15,17,17,14,17,21,18,11,23,14,23,23,26,28,17,23,15,27,20,16,26,18, 6,15,16,15,10,28,30,15,22,25,13,15,22, 6,11,31,22,16,20,24,38,26,10,19,30, 9,12,24,29,17,18,23,19, 4,25,26,26,26,12,28,10,16,21,23,16,33,15,18, 8,21,25,27,25,20,18
42,42,42,42,42,42,42,42,42,42,42,42,42,42,42,42,42,42,42,42,42,42,42,42,42,42,42,42,42,42,42,43,43,43,43,43,43,43,43,43,43,43,43,43,43,43,43,43,43,43,43,43,43,43,43,43,43,43,43,43,43,43,43,43,43,43,43,43,43,43,43,44,44,44,44,44,44,44,44,44,44,44,44,44,44,44,44,44,44,44,44,44,44,44,44,44,44,44,44,44
 5,29, 2,15,17,14,15,10, 9, 8, 8,10,11,11,11, 9,16,19,15,12,16,22,25, 8, 5, 5,10,12,12,15,20,18,10,17,14,18,24,11,12,13,14,14,15,14,13,11,10,14,12,12,17,24,27,23,18, 5, 0,12,10,10,16,14,28,13,19,34, 8,12,26, 9,17, 2,27,15, 0,20,23, 9,10,13,17,30,18,14,20, 8, 6,10,10,12,13,13,13,13,12,25,23,19,16,14
41,41,41,41,41,41,41,41,41,41,41,41,41,41,41,41,41,41,41,41,41,41,41,41,41,41,41,41,41,41,41,41,41,41,41,41,41,41,41,41,41,41,41,41,41,41,41,42,42,42,42,42,42,42,42,42,42,42,42,42,42,42,42,42,42,42,42,42,42,42,42,42,42,42,42,42,42,42,42,42,42,42,42,42,42,42,42,42,42,42,42,42,42,42,42,43,43,43,43,43
40,40,40,40,40,40,40,40,40,40,40,40,40,40,40,40,40,40,40,40,40,40,40,40,40,40,40,40,40,40,40,40,40,40,40,40,40,40,40,41,41,41,41,41,41,41,41,41,41,41,41,41,41,41,41,41,41,41,41,41,41,41,41,41,41,41,41,41,41,41,41,41,41,41,41,41,41,41,41,42,42,42,42,42,42,42,42,41,41,41,41,41,41,41,41,42,42,42,42,42
13,17,16,12,10,12,16,18,16,13,15,18,19,17,14,16,18,19,17,12, 7, 3, 2,13,16,18,16,12,10,12,15,19,15,17,25,27,22,18,20,13,16,18,17,15,16,19,22,20,17,14,13,15,18,19,19,27,17,14,21,21,14,12,18,21,23,24,23,19,18,19,21,19,13,13,20,24,20,17,18,21,17,16,19,25,27,24,19,21,23,24,20,15,14,19,24,33,21,14,18,24
40,40,40,40,40,40,40,40,40,40,40,40,40,40,40,40,40,40,40,40,40,40,40,40,40,40,40,40,40,40,40,40,40,40,40,40,40,40,40,39,39,40,41,41,42,43,43,41,41,41,41,41,41,41,41,41,41,41,41,41,41,41,41,41,41,41,41,41,41,41,41,41,41,41,41,41,41,41,41,41,41,41,41,41,41,41,41,41,41,41,41,41,41,41,41,41,41,41,41,41
 9, 8, 7, 7, 7, 7, 8,10, 9, 7, 7, 7, 7, 9,10, 6, 7, 9,10,10, 9, 7, 6, 8, 9, 9,10,10, 9, 9, 8, 6, 7, 7, 8,10,11,11,12, 8, 8, 8, 8, 8, 8, 8, 8, 7, 7, 7, 8, 8, 9, 9, 9, 8, 8, 8, 8, 8, 8, 8, 8, 7, 7, 8, 8, 8, 9, 9, 9, 8, 7, 6, 6, 8, 8, 7, 6, 8, 8, 8, 8, 8, 8, 8, 8, 6, 7, 8,10,10, 9, 8, 7, 7, 7, 7, 7, 7
15,13,11,10,10,10,11,10, 7, 9,17,21,17,13,12,14,13,14,17,20,19,14, 9,24,15, 7, 7,15,20,19,14,20,15,10, 9,12,15,16,15,22,15, 9,10,16,17,11, 4,12,12,14,16,17,15,11, 7, 0, 3, 7,12,16,17,16,15,17,15,13,15,18,20,19,16,13,14,12, 8,11,20,23,20,21,18,16,16,18,19,18,17,24,24,19,11, 9,12,14,13,16,16,17,20,24
40,40,40,40,40,40,40,40,40,40,40,40,40,40,40,40,40,40,40,40,40,40,40,40,40,40,40,40,40,40,40,40,40,40,40,40,40,40,40,40,40,40,40,40,40,40,40,40,40,40,40,40,40,40,40,41,41,41,41,41,41,41,41,41,41,41,41,41,41,41,41,41,41,41,41,41,41,41,41,41,41,41,41,41,41,41,41,41,41,41,41,41,41,41,41,41,41,41,41,41
23,21,20,19,18,18,18,20,20,18,17,17,17,17,17,19,19,19,19,19,19,19,19,17,17,18,18,18,19,19,19,17,17,17,18,18,19,19,19,17,17,17,17,17,17,17,17,18,18,18,18,18,18,18,18,17,18,18,19,19,18,18,17,17,17,18,18,18,18,19,19,18,18,18,18,18,18,18,18,19,19,19,19,19,19,19,19,18,18,18,18,18,18,18,18,18,18,18,18,18
11,15,17,16,12, 9, 7, 1, 6,12,15,15,14,12,12, 9,12,17,19,19,17,15,14,17,13, 9, 8, 9,12,14,14,20,17,14,12,13,13,13,12,23,18,11, 8,11,15,17,17,18,18,21,24,21,17,19,24,13,11,13,18,18,15,15,17,14,12,14,17,16,11, 8,10,16,12,13,19,20,14, 6, 3,13,14,15,16,17,17,17,17,15,14,14,15,15,15,13,11,16,21,25,25,20
39,39,39,39,39,39,39,39,39,39,39,39,39,39,39,38,38,38,38,38,38,38,38,39,39,39,39,39,39,39,39,39,39,39,39,39,39,39,39,39,39,39,39,39,39,39,39,39,39,39,39,39,39,39,39,40,40,40,40,40,40,40,40,40,40,40,40,40,40,40,40,40,40,40,40,40,40,40,40,40,40,40,40,40,40,40,40,40,40,40,40,40,40,40,40,40,40,40,40,40
26,26,25,25,24,24,24,26,26,26,26,26,26,26,26,24,24,24,24,24,24,24,24,22,23,23,24,24,23,23,22,24,24,24,24,24,24,24,24,23,23,23,23,23,23,23,23,23,22,22,21,21,22,22,23,22,21,21,20,20,21,21,22,22,21,20,19,20,21,22,23,20,20,20,21,21,22,22,22,22,22,22,22,22,22,22,22,21,21,21,21,21,21,21,21,19,19,19,19,19
11,11,18,23,23,22,23,14,13,13,14,16,16,14,13, 6,14,16,10, 6, 8, 7, 4, 5, 5,10,16,14, 7, 7,12,20,16,16,19,19,13, 9, 8,21,13, 7,11,15,15,14,14,25,17,12,14,18,18,17,17, 6,12,18,19,15,13,14,16,22,20,20,21,19,16,18,22,17,16,15,13,11,11,13,15,20,19,18,19,21,22,21,20,17,19,17,12,14,20,20,14,20,22,23,23,22
21,19,19,21,22,22,21,21,21,21,21,21,21,21,21,21,21,21,22,22,23,23,23,20,20,20,21,21,22,22,22,20,20,20,21,21,22,22,22,19,19,19,20,20,21,21,21,21,21,21,21,21,21,21,21,19,20,20,21,21,22,22,23,22,22,22,22,22,22,22,22,18,18,19,20,20,20,19,19,20,20,20,20,20,20,20,20,19,19,19,18,17,17,16,16,19,19,19,19,19
15,11, 7, 5, 7,12,16,13,10,13,21,25,20,12, 7,10,11,12,12,11,11,13,15,19,12, 7,10,19,23,18,11,17,10, 7,10,11,10,15,23,24,14, 7, 9,13,15,15,16,19,21,23,24,23,21,18,16,13, 8, 8,14,17,14,14,17,21,17,16,18,19,18,20,25,21,21,20,20,18,17,15,14,11,20,24,21,19,21,20,16,18,18,17,17,17,16,16,16,17,20,23,24,23
22,21,20,19,18,18,18,20,20,20,20,20,20,20,20,21,21,21,21,21,21,21,21,21,21,21,21,21,21,21,21,21,21,21,21,21,21,21,21,24,24,23,22,20,19,18,18,20,20,20,21,21,22,22,22,24,23,23,22,22,21,21,21,20,20,20,20,20,20,20,20,21,21,21,20,20,19,19,19,21,21,21,21,21,21,21,21,21,21,21,21,21,21,21,21,20,20,20,20,20
15,14,13,13,13,13,14,15,15,15,14,14,13,13,13,14,13,13,14,16,16,14,12,11,11,11,12,12,13,13,13,13,13,12,11,11,11,12,12,13,13,13,13,13,13,13,13,10,11,12,12,13,14,15,15,15,15,15,15,15,15,15,15,15,15,15,15,15,15,15,15,13,13,13,14,14,15,15,15,15,15,16,16,16,17,17,17,15,15,15,15,15,15,15,15,15,15,15,15,15
5,5,3,1,0,2,3,5,2,2,5,5,2,2,5,2,3,5,6,6,5,3,2,2,3,4,5,6,6,6,6,0,0,2,2,0,0,2,3,2,5,6,3,3,6,5,2,3,3,3,3,3,3,3,3,3,2,2,1,1,2,2,3,3,2,2,1,1,2,2,3,3,3,3,3,3,3,3,3,1,2,4,5,5,4,2,1,0,0,0,1,1,2,2,2,2,2,2,3,3
16,13,12,49,35,12,14,25,41,22,34,41,41,11,23,34, 5,19,39,50, 7,13,37,22,32,27,27, 2,26,35,41, 0,78, 1,56,26,24,30,21,31,36,11,59,36,23,47, 0,17,62,19,45,12,55,29,22,26,35,10,42,30, 0,59,24,14,55,46,55,13, 0,42,20,44,35,10,12,33, 8,35,14,34,50,58,10,20,36,42,13,27,36,32,25,26,28,38,56,18,52,39,48,32
 4, 4, 4, 3, 3, 5, 7, 3, 3, 3, 2, 2, 1, 1, 1, 2, 3, 3, 4, 4, 3, 3, 2, 2, 2, 2, 2, 3, 3, 5, 5, 2, 2, 2, 2, 2, 2, 2, 2, 1, 2, 4, 5, 5, 4, 2, 1, 2, 2, 2, 3, 4, 5, 7, 8, 5, 2, 2, 5, 5, 2, 2, 5,13,10, 5, 1, 0, 0, 2, 4, 2, 2, 2, 2, 2, 2, 2, 2, 4, 5, 5, 4, 3, 2, 4, 6, 3, 3, 3, 3, 3, 3, 3, 3, 2, 3, 3, 4, 4
75,72,69,66,61,56,51,44,43,41,39,37,36,36,35,36,36,36,36,36,36,36,36,36,36,36,36,36,36,36,36,37,37,37,37,37,37,37,37,35,35,35,36,36,37,37,37,37,37,37,37,37,37,37,37,36,36,36,36,36,36,36,36,33,33,33,34,34,35,35,35,34,34,34,34,34,34,34,34,34,35,35,36,36,35,35,34,34,35,35,36,36,35,35,34,33,33,33,34,34
77,74,71,68,64,58,54,47,45,43,40,38,36,35,35,36,36,36,36,36,36,36,36,36,37,37,38,38,37,37,36,37,36,36,35,35,36,36,37,37,37,37,37,37,37,37,37,37,37,37,37,37,37,37,37,35,36,36,37,37,36,36,35,36,36,36,36,36,36,36,36,34,34,34,35,35,36,36,36,34,34,34,34,34,34,34,34,34,35,35,36,36,35,35,34,33,33,33,34,34
25,72,27,47,46,41,49,66,29,42,26,77,29,52,60,29,39,41,25,29,41,52,47,34,19,58,70,27,65,40,35,48,55,45,36,27,73,16,35,45,34,57,10,58,46,69,24,62,58, 5,64,71,25,57,68,29,40,42,26,51,61,35,66,53,57,20,48,58,40,34,65,45,27,56,44,52,71,35,42,41,82,23,57,58,30,47,46,43,63,42,53,47,65,70,73,56,51,42,51,53
76,73,70,67,63,57,53,45,42,39,38,38,38,37,35,37,37,37,37,37,37,37,37,37,37,37,37,37,37,37,37,37,37,37,37,37,37,37,37,37,37,37,36,36,35,35,35,35,36,37,38,38,38,38,37,37,36,36,35,35,36,36,37,35,34,32,33,35,35,34,33,36,36,34,33,33,33,33,33,35,35,35,35,35,35,35,35,34,34,34,34,34,34,34,34,34,34,34,35,35
76,74,72,69,65,59,54,45,44,41,38,36,36,36,36,38,37,37,36,36,35,35,34,36,36,36,36,36,36,36,36,37,37,37,37,37,37,37,37,37,37,37,37,37,37,37,37,38,38,38,38,38,38,38,38,36,36,36,36,36,36,36,36,36,36,36,36,36,36,36,36,34,34,34,34,34,34,34,34,34,34,34,35,35,36,36,36,33,33,33,33,33,33,33,33,35,35,35,35,35
77,74,71,68,64,58,54,48,45,40,38,37,36,35,33,34,34,35,36,36,37,38,38,38,37,37,36,36,37,37,38,35,35,35,35,35,35,35,35,36,36,36,37,37,38,38,38,37,37,37,37,37,37,37,37,36,36,36,36,36,36,36,36,35,35,35,35,35,35,35,35,35,34,34,34,34,35,36,37,34,33,33,33,33,34,35,36,34,34,34,33,33,32,32,32,33,33,33,33,33
77,74,71,68,64,58,54,44,43,40,38,37,36,37,37,36,36,36,36,36,36,36,36,36,36,36,36,36,36,36,36,35,35,35,35,35,35,35,35,35,35,35,36,36,37,37,37,37,37,37,37,37,37,37,37,37,36,36,35,35,36,36,37,35,35,35,35,35,35,35,35,36,36,36,35,35,34,34,34,34,34,34,34,34,34,34,34,34,35,35,36,36,35,35,34,34,34,34,35,35
9,8,6,3,1,2,4,1,3,5,4,2,1,3,5,3,4,4,5,6,6,6,6,5,5,5,4,3,2,0,0,4,3,1,0,0,1,3,4,4,3,2,2,4,4,3,2,5,4,4,3,3,4,4,5,1,0,0,2,1,0,1,6,1,0,0,0,0,3,6,8,1,2,2,3,3,2,2,1,5,5,4,3,2,1,1,0,0,0,0,1,1,2,2,2,1,2,4,5,5
78,73,69,65,61,56,53,49,45,40,38,38,39,40,40,36,36,36,37,37,38,38,39,36,37,37,38,38,37,37,36,37,37,37,37,37,37,37,37,37,37,37,37,37,37,37,37,37,37,37,37,37,37,37,37,37,37,37,37,37,37,37,37,38,37,36,35,35,35,35,36,35,35,35,35,35,35,35,35,37,36,34,33,33,34,36,37,33,33,33,34,34,35,35,35,34,34,34,34,34
76,73,70,67,63,57,53,50,46,41,38,37,37,36,35,36,36,36,36,36,36,36,36,37,37,37,37,37,37,37,37,35,36,36,37,37,36,36,35,38,37,37,36,36,37,37,38,36,35,34,35,37,38,37,36,36,36,36,36,36,36,36,36,36,36,36,36,36,36,36,36,36,36,36,36,36,36,36,36,35,34,34,33,33,34,34,35,34,34,34,34,34,34,34,34,34,34,34,33,33
31,66,36,54,59,28,66,62,44,47,66,64,87,21,38,64,58,59,40,74,71,62,66,44,88,54,67,35,53,52,50,48,92,50,60,50,77,16,79,59,60,50,57,52,64,90,25,64,61,55,46,50,59,72,78,57,52,48,64,49,51,67,53,69,45,63,61,60,48,70,62,54,67,45,38,66,64,69,68,56,64,68,56,45,78,88,59,89,57,62,42,65,73,50,86,64,64,35,71,53
78,75,72,68,63,57,52,50,45,40,37,37,37,38,37,36,36,36,36,36,36,36,36,36,36,36,36,36,36,36,36,36,36,36,36,36,36,36,36,35,36,36,37,37,36,36,35,37,37,37,36,36,35,35,35,35,35,35,36,36,37,37,37,35,35,35,35,35,35,35,35,34,34,34,34,34,34,34,34,36,35,33,32,32,33,35,36,30,31,32,32,34,34,35,36,34,34,34,34,34
76,72,70,68,64,57,52,48,45,41,37,35,35,36,37,35,35,35,36,36,37,37,37,33,33,34,35,35,36,36,36,36,35,35,35,35,36,37,38,37,37,37,37,37,37,37,37,36,36,36,36,36,36,36,36,36,37,37,38,38,37,37,36,35,35,35,35,35,35,35,35,33,33,33,34,34,35,35,35,34,34,34,34,34,34,34,34,33,33,33,33,33,33,33,32,34,34,34,34,34
76,73,70,67,63,57,53,46,43,40,39,39,39,38,36,37,37,37,36,36,35,35,35,35,35,35,35,35,35,35,35,37,37,37,38,38,39,39,39,38,38,38,37,37,36,36,36,36,36,36,36,36,36,36,36,36,36,36,36,36,36,36,36,34,34,34,35,35,36,36,36,34,34,34,34,34,34,34,34,33,33,33,34,34,35,35,35,32,32,32,33,33,34,34,34,33,32,32,32,32
78,74,71,67,63,58,54,48,46,43,40,38,38,38,38,36,35,34,34,35,36,38,39,36,36,36,36,36,36,36,36,38,38,38,37,37,36,36,36,35,35,35,36,37,38,39,40,37,37,37,37,37,37,37,37,36,37,37,37,37,37,37,38,35,35,35,35,35,35,35,35,37,37,36,35,35,34,33,33,35,35,35,35,35,35,35,35,35,35,35,35,35,35,35,35,34,34,34,34,34
19,12, 5, 2, 2, 4, 6, 1, 0, 6,19,17, 7,10,22,21, 7,11, 3,19, 5,13,10, 0, 2, 8,12, 8, 1, 1, 6, 6, 4, 3, 6, 9,10, 6, 2, 9, 0, 6, 3, 9,17, 5, 7,10,11,15,11, 4,10, 8, 0,12,10,10,11, 7, 2, 1, 4,11, 7, 4, 5, 9,11, 9, 7, 8, 7, 5, 3, 2, 3, 4, 5,11, 9, 6, 5, 7, 9,11,12, 3,10,18,18, 9, 1, 6,17, 2, 2,13,18, 9
75,72,69,67,63,58,55,46,44,42,40,38,37,37,36,35,35,35,35,35,35,35,35,35,35,35,35,35,35,35,35,35,35,35,36,36,37,37,37,36,36,36,36,36,36,36,36,35,36,37,38,37,36,34,33,36,36,36,36,36,36,36,36,36,35,34,34,36,36,35,34,35,35,35,34,34,33,33,33,34,34,34,34,34,34,34,34,34,35,35,36,36,35,35,34,34,34,34,34,34
76,73,70,67,63,57,53,47,45,42,39,37,36,37,38,36,36,36,36,36,36,36,36,37,37,37,37,37,36,34,34,37,37,37,37,37,37,37,37,36,36,36,36,36,36,36,36,36,36,36,36,36,36,36,36,36,36,36,36,36,36,36,36,36,36,36,36,36,36,36,36,35,35,35,34,34,33,33,33,34,34,34,34,34,34,34,34,34,34,34,34,34,34,34,34,34,34,34,34,34
32, 3,22,49,21,10,31,35,27, 9,36,22,45,23,14,46,28,55,48, 3,25,15,50,24, 9,11,78,26,47,33,40, 9,67, 9,31,12,47,34,14,66, 0,22,50,18,46,44,25,28, 6, 8,39,41,51,55, 8,50,34,30,22,95,22,67, 2,60,38,77,22,43,58, 6,55, 6,40,40,25,66,26,35,13,27,62,32,50,78, 6,63,14,62,43,31,44,50,43,35,41,43,44,33,28,62
76,73,70,67,63,57,53,46,45,42,39,38,37,37,37,38,38,38,38,38,38,38,38,36,36,36,36,36,36,36,36,38,37,37,36,36,37,37,38,36,36,36,36,36,36,36,36,35,35,35,36,36,37,37,37,36,36,36,36,36,36,36,36,35,35,35,35,35,35,35,35,35,35,35,34,34,33,33,33,34,34,34,35,35,36,36,36,33,33,33,34,34,35,35,35,33,33,33,33,33
76,73,70,67,63,57,53,47,45,42,39,37,37,36,37,37,36,35,35,37,37,36,35,36,36,36,36,36,36,36,36,37,37,37,37,37,37,37,37,35,35,35,35,35,35,35,35,35,35,35,36,36,37,37,37,38,38,38,38,38,38,38,38,35,35,35,35,35,35,35,35,32,33,35,36,36,35,33,32,34,34,34,34,34,34,34,34,35,34,34,33,33,34,34,35,32,32,32,33,33
76,73,70,67,63,57,53,51,47,41,38,38,38,39,38,36,36,36,36,36,36,36,36,35,35,35,35,35,35,35,35,34,35,35,35,34,33,32,32,35,35,35,35,35,35,35,35,36,36,36,36,36,36,36,36,36,36,36,36,36,36,36,36,34,32,32,34,36,38,37,36,34,34,34,34,34,34,34,34,34,34,34,34,34,34,34,34,35,35,35,35,35,35,35,35,33,33,33,33,33
 9, 7, 8, 5, 0, 3,10, 0, 4,12,12, 6, 1, 2, 4, 1, 4, 6, 4, 1, 1, 4, 9,11, 4, 0, 1, 4, 3, 3, 4, 5, 4, 4, 4, 5, 7, 9,10, 1, 5, 7, 6, 8,12,13,10, 2, 4, 5, 5, 5, 5, 8,11, 6, 7, 8, 9, 9, 7, 5, 4,14,11, 6, 3, 3, 6, 9,12, 6, 5, 5, 6, 8, 8, 6, 4,18,15,10, 4, 3, 7,14,20, 7, 6, 4, 3, 5, 7, 5, 1, 7, 9,10,10, 7
23,13,15,26,56,18,41,17,32,57,22,31,35,20,16,30, 4,17,57,11,21,46,15,49,45,42,19,26,25,35,26,32,22,43,56,27,62,10,47,27,44,27,44,35,37,16,41,11,68,31,58,53,52,23,42,30,38,47,19,57,51,67,52,33, 6,42,13,37,10,64,59, 9,71, 0,63,45,18,42,26,57, 8,63,58,26,51,38,25,19,34,47,37,26,31,56,14,63,25,13,31,51
0,0,0,0,0,0,0,1,1,1,1,1,1,1,1,1,1,1,1,1,1,1,1,3,2,0,0,0,0,2,3,0,0,0,0,0,0,0,0,1,1,1,1,1,1,1,1,0,0,0,0,0,0,0,0,1,1,1,1,1,1,1,1,2,2,2,2,2,2,2,2,1,1,1,1,1,1,1,1,2,2,2,2,2,2,2,2,1,1,1,1,1,1,1,1,1,1,1,1,1
21,10,35, 2,52,30,31,24,22,16,12,23,65,11,19,10, 3,10,35,47,54,35, 8,19,81,12,32,22,24,28,51,51,19, 7,25,39,38,35,21,47,57,19, 4,52,17,56,27, 1,23,31,34, 0,42,25,25,26,30,43,32,38,13,29,50,29,16,51,25,40,21,13,38,11,61,13,21,13, 5,66,19,61,35,47,27,75,38,61,12,26,41,23,31,49,39,39,39,71, 0,45,48,52
0,0,0,0,0,0,0,2,2,2,2,2,2,2,2,2,2,2,2,2,2,2,2,0,2,4,3,1,0,2,5,1,1,1,1,1,1,1,1,3,3,3,3,3,3,3,3,2,2,2,2,2,2,2,2,2,2,2,2,2,3,5,5,3,3,3,3,3,3,3,3,3,3,3,3,3,3,3,3,2,2,2,2,2,2,2,2,1,1,1,1,1,1,1,1,5,4,4,3,3
15,46,24, 3,31, 0,13,13,17,25,11,32,10, 7,12, 3,12, 4,15, 4,21,10,10, 7,14, 4,10,16, 0,10,19, 0, 8,17,39,14,15, 9,15,11,25, 0,39,44, 2,10, 1, 7,19,27,29,10,11,30,10, 8,39, 6,12,27,20,35,16, 0,15, 0,21, 2,11,20, 0, 1,12,12,25,15,24,18,49,26, 8, 0,54,21,20,45,11,11,25, 4,12,22,12,40,20,13,15,28, 0,33
4,2,1,1,2,4,5,4,4,4,4,4,4,4,4,2,2,2,2,2,2,2,2,5,4,4,3,3,2,2,2,2,2,2,2,2,2,2,2,1,1,1,2,2,2,3,3,3,3,3,3,3,3,3,3,0,3,3,0,0,3,3,0,6,5,5,4,4,3,3,2,5,5,4,4,5,5,6,7,6,5,5,4,4,3,3,2,2,3,3,4,4,3,3,2,4,4,4,3,3
 3, 0, 4, 4, 3, 2, 3, 0,14,10, 8,31, 2,14, 0,13, 6, 0, 8,42, 0,21,20, 5,13, 5, 9,29, 0, 9, 0, 1, 8, 4, 3,16,20, 8, 0,12, 0, 0, 4,10, 7, 1,12,25, 0, 6, 8, 0, 9, 0,27, 0,14,10, 0,14,11, 0,19, 8, 1, 2, 0, 4,20, 0,12,11,15,21, 7, 0, 0,11,28, 0,23,16,17, 7,32, 6,13, 3,26, 5,12,16, 5, 6,29, 0,14, 3,13, 2
0,0,0,0,1,1,1,0,0,0,0,0,0,0,0,0,0,0,0,0,0,0,0,0,0,0,0,0,0,0,0,1,1,1,1,1,1,1,1,0,0,0,0,0,0,0,0,1,1,1,1,1,1,1,1,0,0,0,0,0,0,0,0,1,1,1,1,1,1,1,1,1,1,1,1,1,1,1,1,1,1,1,1,1,1,1,1,1,1,1,1,1,1,1,1,2,1,0,0,2
24,25,26,26,24,23,21,24,23,21,20,20,21,22,23,23,22,22,21,21,22,22,23,22,23,24,22,19,19,22,25,20,17,18,39,23,30,24,25,26,25,23,22,21,20,20,20,22,23,25,24,22,20,20,21,23,22,23,23,23,23,26,30,25,27,29,29,26,23,21,21,25,22,22,24,22,19,22,27,26,23,23,24,22,20,24,30,19,21,24,24,23,21,21,21,19,20,22,21,20
52, 0,42,17,30,33,45,27, 0,20,34,47,17,12,10,14,23,27,10,12,21,40, 0,35,11,32, 3,10,15,44, 0, 3,46,20,31, 8,40,11,25,13, 5,35,12,27,29,55,16,10,19, 6,39,21,28,13,44,14,22,41, 0,56,35, 9,27,29,37, 0,32,54,10,61,34,32,32, 0,34,43,60,22,31,25,22,11,66,20,14,51, 6,50,30,22,25,33,10,27, 9,60,45,13,30,39
0,0,0,0,0,0,0,0,0,0,0,0,0,0,0,0,0,0,0,0,0,0,0,0,0,0,0,0,0,0,0,1,1,1,1,1,1,1,1,0,0,0,0,0,0,0,0,0,0,0,0,0,0,0,0,1,1,1,1,1,1,1,1,1,1,1,1,1,1,1,1,1,1,1,1,1,1,1,1,1,1,1,1,1,1,1,1,1,1,1,1,1,1,1,1,1,1,1,1,1
25,24,23,21,20,19,19,24,27,26,20,19,24,25,21,25,26,27,27,25,24,23,24,18,20,23,24,23,22,22,23,23,23,24,25,25,25,24,24,20,25,19,27,14,23,16,22,23,21,19,20,22,22,19,15,15,16,19,21,23,24,24,24,24,28,27,23,21,25,27,26,20,23,24,21,21,24,23,20,19,18,17,17,17,19,21,22,22,23,24,22,19,18,18,20,20,20,20,21,21
49,45,20,28,46,27,20,51,46,29,52,29,24,24,24,52,18,48,26,44,30,24,43,51, 2,69,59,23,17,37,45,48,40,35,40,56,45,38,42,43,62,22,62,72,57,31,43,43,34,27,74,52,26,33,75,25,47,61,54,45,31,40,38,25,43,32,44,64,12,72,26,32,63,26,32,10,51,53,58,28,47,17,59,40,26,52,45,35,42,29,62, 1,57,50,44,55, 4,37,79,10
0,0,0,0,0,0,0,0,0,0,0,0,0,0,0,0,0,0,0,0,0,0,0,0,0,0,0,0,0,0,0,0,0,0,0,0,0,0,0,0,0,0,0,0,0,0,0,1,1,1,1,1,1,1,1,1,1,1,1,1,1,1,1,1,1,1,1,1,1,1,1,1,1,1,1,1,1,1,1,2,1,1,0,0,1,1,2,2,2,2,2,2,2,2,2,1,1,1,1,1
20,24,24,21,19,20,22,26,23,21,23,27,27,22,17,27,27,27,26,26,24,23,22,28,23,21,23,21,16,19,26,20,20,23,27,31,31,27,22,29,27,28,30,27,22,21,25,23,23,22,22,22,23,24,24,24,23,22,21,22,24,27,29,28,24,23,25,24,21,22,25,32,24,20,26,32,31,27,25,21,21,23,26,25,21,22,26,24,24,22,21,21,22,24,24,18,19,21,23,24
42,13,29,18,25, 0,19, 0,48,30, 0,40, 6, 7,14,20, 3,16,12,39, 0,34, 0, 7, 6,11,17,19,37,18,18, 5,32,20,39, 8,62,19,13, 7,48,17,30,22,40, 3,24, 0,42,28,19,13,17, 6,44,31, 9,33,20,21, 0,47,15,27,38, 0,62, 0,10,36,18, 4,54,23,32,48, 6,20,19,24,22,22,29, 7,18,58, 4,28, 7,43,31,46, 8,33,16, 9,24,44, 0,28
4,5,4,1,0,3,6,5,4,4,3,3,4,4,5,2,2,2,2,2,2,2,2,4,3,3,3,3,4,5,6,4,4,4,4,4,4,4,4,2,2,2,3,4,5,6,7,5,6,7,7,6,5,3,2,3,3,3,4,4,5,5,5,4,4,4,5,5,6,6,6,1,2,4,5,5,4,2,1,8,7,6,5,4,4,4,4,4,4,4,4,4,4,4,4,5,5,5,5,5
37,36,34,33,33,35,37,36,35,36,38,40,40,38,35,36,36,36,37,37,38,38,38,39,39,39,40,41,42,44,44,42,41,41,40,40,39,39,38,39,39,39,40,40,40,41,41,43,43,42,42,42,43,44,45,40,41,41,42,42,43,43,44,42,42,42,42,41,40,39,39,43,42,41,40,40,40,41,41,41,42,42,42,40,39,40,41,40,39,38,37,38,39,41,42,37,37,36,34,34
 3, 3, 4, 4, 5, 5, 5, 3, 3, 3, 3, 3, 3, 3, 3, 4, 4, 4, 4, 4, 4, 4, 4, 1, 1, 1, 2, 2, 2, 3, 3, 3, 4, 4, 5, 5, 4, 4, 3, 3, 3, 3, 4, 4, 5, 5, 5, 3, 3, 3, 3, 3, 3, 3, 3, 3, 3, 3, 4, 4, 5, 5, 5, 3, 3, 3, 3, 3, 3, 3, 3, 6, 6, 6, 5, 5, 4, 4, 4, 3, 3, 3, 3, 3, 3, 3, 3, 4, 4, 4, 5, 5, 6, 6, 6,10, 9, 9, 8, 7
0,1,1,2,3,3,4,4,4,4,4,4,4,4,4,2,2,2,3,3,4,4,4,6,5,3,2,2,3,5,6,3,2,1,1,2,3,5,7,4,4,4,4,4,4,4,4,3,3,3,3,3,3,3,3,2,2,2,3,3,4,4,4,4,4,4,4,4,4,4,4,1,2,4,5,6,5,4,3,2,3,4,4,2,1,3,4,5,5,5,5,5,5,5,5,3,3,3,3,3
3,3,2,2,3,3,4,6,3,0,0,2,3,1,0,1,1,1,2,2,2,3,3,3,3,3,3,3,3,3,3,3,3,3,3,3,3,3,3,2,2,2,2,2,2,2,2,1,2,4,5,5,4,2,1,3,3,3,4,4,5,5,5,4,4,4,4,4,4,4,4,2,2,2,3,3,4,4,4,4,4,4,4,4,4,4,4,4,4,4,4,4,4,4,4,5,5,5,5,5
12, 9, 9,10,12,12,11, 6, 6, 6, 7, 9,12,15,17, 9,10,10,11,11,10,10, 9,11,11,12,12,12,13,13,13,11,11,11,12,12,13,13,13, 7,10,10, 8, 9,14,15,13,11,11,12,13,12,11, 9, 8,12, 8, 8,13,13, 9, 9,14, 8,10,13,15,15,14,12,10,13,13,14,15,14,13,11,10, 9,11,10, 7, 8,14,17,15,13,10, 7, 9,14,15,11, 6,12,18,17,35,18
156,154,152,150,148,147,146,142,146,152,159,164,167,168,168,157,157,157,157,155,154,152,151,153,153,153,156,157,154,146,140,147,149,152,155,156,156,154,153,146,146,147,147,148,149,150,150,166,158,148,142,143,146,148,148,145,146,148,150,153,155,157,158,150,147,143,140,140,143,147,150,151,151,151,151,152,152,152,152,146,144,141,138,134,130,127,125,105,108,113,118,122,124,125,125,116,118,120,121,122
25,29,24,21,24,27,27,30,23,21,25,29,27,23,22,24,26,27,27,25,25,26,28,21,23,22,19,19,23,25,23,22,24,26,28,27,25,21,19,24,25,26,26,25,23,22,20,23,23,22,21,21,20,19,19,19,22,25,26,24,23,25,28,27,25,23,22,24,24,24,23,21,29,17,25,23,31,19,27,22,26,26,22,19,21,21,19,24,24,23,21,19,19,21,23,23,22,22,24,26
 21, 20, 17,  5,  0, 14, 36, 33, 20, 11,  7,  2,  0, 14, 33, 37, 20,  8,  5,  4,  3, 14, 29, 32, 24, 14,  7,  7, 14, 25, 32, 11,  7,  7, 12, 16, 13,  7,  3, 21, 14,  5,  1,  4, 10, 15, 18, 23, 14, 10, 12, 12,  8, 11, 20, 33, 15,  1,  2, 12, 17, 16, 15, 22,  8,  8, 24, 26, 13, 11, 23, 25, 18, 10,  6,  8, 14, 20, 24, 23,250,255,235, 17,  0, 13, 23, 24, 17,  9,  4,  8, 15, 18, 17, 19, 13,  5,  1,  5
 19, 17, 14,  3,  0, 15, 39, 32, 16,  4,  3,  1,  0, 10, 25, 39, 21,  7,  2,  0,  0,  8, 23, 33, 26, 15,  7,  7, 14, 24, 31, 14, 11, 12, 16, 14,  5,  1,  2, 14, 17, 14,  5,  0,  6, 16, 22, 28,  3,  5, 32, 32,  5,  3, 28, 25, 14,  3,  2, 10, 18, 20, 19, 18,  1,  1, 19, 24, 10,  5, 13, 19, 17, 13,  8,  5,  7, 13, 18, 12,252,251,238, 20,  0, 19, 16, 19, 18, 12,  3,  0,  6, 17, 25, 22, 15,  6,  1,  5
 20, 11,  9,  4,  2, 13, 29, 30, 17,  5,  1,  0,  2, 12, 24, 30, 18, 11,  9,  4,  2, 15, 33, 30, 23, 13,  6,  6, 12, 21, 28, 13, 11, 16, 23, 22, 12,  6,  6, 23, 14, 14, 14,  9, 13, 18, 13,  8,  7,  9, 13, 16, 16, 10,  5, 20, 13,  8,  7,  7,  8, 13, 20, 14,  7, 14, 29, 25,  7,  7, 24, 16, 16, 12,  7,  6, 10, 13, 12, 14,245,255,239, 21,  1,  8, 14, 24, 17, 11,  9,  9, 11, 19, 27, 17, 22,  4, 12, 16
1,1,1,1,1,1,1,1,1,1,1,1,1,1,1,1,1,1,1,1,1,1,1,1,1,1,1,1,1,1,1,1,1,1,1,1,1,1,1,5,5,5,5,5,5,5,5,1,1,1,1,1,1,1,1,2,2,2,2,2,2,2,2,5,4,2,1,1,2,4,5,3,3,3,3,3,3,3,3,2,2,2,3,3,4,4,4,2,2,2,2,2,2,2,2,1,2,2,3,3
1,1,1,1,1,1,1,0,0,0,0,0,0,0,0,0,0,0,0,0,0,0,0,1,1,1,1,1,1,1,1,0,0,0,0,0,0,0,0,1,1,1,1,1,1,1,1,1,1,1,1,1,1,1,1,1,1,1,1,1,1,1,1,1,1,1,1,1,1,1,1,1,1,1,1,1,1,1,1,2,2,2,2,2,2,2,2,2,2,2,2,2,2,2,2,1,1,1,1,1
46, 2,63,51,62,17,51,41,60,30,47,21,63, 7,51,43,38,52,60,31,44,55,43,54,59, 7,56,11,57,31,64,60,46, 0,58,47,45,39,48,27,77,46,59,34,46,73,10,45,42,55,62,65,47,52,60,85, 9,50,24,64,41,78, 0,55,17,57,69,42,20,63,65,37,64,42,43,47,62,41,56,38,44,59,52,68,27,80,42,55,36,49,49,67,36,48,80,65,58,27,62,51
20, 0,33, 4,12, 2,11, 9, 0,11,18, 0, 7,14, 0, 6,14, 3,22, 0, 6, 5, 4, 7, 7, 4, 0,24,32, 5,36, 2, 5, 5,11,17, 1, 0,11, 2, 0, 1,11,16, 0,24, 0, 7,21, 0,13,34, 6,25, 3,12, 6, 1,17,28,10,16,10,10, 8, 0,16, 8, 8, 0,28,10, 0,18,42,30,13, 0, 2,35, 5,24,32, 5,22, 0,11, 3, 4, 0,11, 0, 9,44,15,32, 9,14, 2, 9
30,20,14,17,60, 1,26,26,20, 5,42,15,31, 9,13, 3,21, 2,42, 8,39, 9,19, 3,41, 7,57,22, 0,43,11,27,12, 6,59,36,24, 7,42,44, 2,22,12,25,27,16,47,15, 6,16,21,50, 6,43,41, 5,26,25,40, 3, 8,64, 4,19, 1,22,29, 9,32,58,29,11,23,32, 9,71,41,29,28,29,34,41,58,39,31, 4,20,70, 6,55,21,17,18,27, 1,41,14, 0,64,23
40,21, 9,67,44, 0,24,13,46,26,74,28,38, 5,23,34,25,33, 6,40,58,26,51,22,34,22,36,36, 0,49,39,31,64,28,25, 8,56,42, 8,28,56,33,15,46,59,10,46, 2,24, 9,14,58,28,33,41,23,21,48,23,29,25,13, 8,41,13,22,42,20,33,46,29,12,27, 0,59,54,51,46,33,41,44,40,59, 5,35,39,49, 6,66,32,11,48, 0,46,45,49,47,15,47,65
69,58,61,80,46,59,53,68,66,60,60,70,77,63,42,62,54,49,52,56,58,60,62,42,67,63,65,45,59,52,62,38,53,57,48,47,57,57,47,65,61,73,54,68,51,63,55,37,49,51,66,67,57,64,61,53,44,54,59,46,51,61,51,49,59,61,42,67,54,56,60,52,52,60,66,61,60,66,70,55,58,69,55,46,50,44,53,58,55,83,37,51,32,70,55,44,42,56,50,65